4 0.756640625 0.7458333333333333 0.11640625 0.20555555555555555
0 0.7640625 0.6708333333333333 0.06875 0.12777777777777777
4 0.3265625 0.19722222222222222 0.328125 0.20972222222222223 0.32734375 0.23055555555555557 0.32578125 0.23472222222222222 0.32578125 0.24166666666666667 0.328125 0.25416666666666665 0.33515625 0.2611111111111111 0.34609375 0.2611111111111111 0.35546875 0.25833333333333336 0.36484375 0.24861111111111112 0.365625 0.23055555555555557 0.36171875 0.22361111111111112 0.353125 0.18055555555555555 0.32421875 0.18194444444444444 0.3234375 0.18611111111111112 0.3265625 0.19722222222222222
0 0.32109375 0.17916666666666667 0.32421875 0.18333333333333332 0.33203125 0.18333333333333332 0.346875 0.18055555555555555 0.34765625 0.17916666666666667 0.35234375 0.17916666666666667 0.35390625 0.17777777777777778 0.3546875 0.175 0.35390625 0.16111111111111112 0.353125 0.1597222222222222 0.328125 0.16111111111111112 0.32734375 0.1625 0.321875 0.1638888888888889 0.3203125 0.16805555555555557 0.31953125 0.1736111111111111 0.32109375 0.17916666666666667
1 0.3785 0.1289583333333333 0.010664062499999983 0.04901388888888888
1 0.40466406250000003 0.13119444444444445 0.010265625000000033 0.04776388888888891
1 0.41256250000000005 0.1361111111111111 0.00513281249999995 0.041499999999999995
1 0.41764062500000004 0.1354861111111111 0.006640625 0.04597222222222221
1 0.28397656250000003 0.17708333333333334 0.007343749999999982 0.036847222222222205
1 0.27864062500000003 0.17752777777777776 0.008750000000000036 0.03559722222222222
1 0.2727578125 0.18119444444444446 0.009257812500000018 0.03612499999999999
1 0.267625 0.1839583333333333 0.008249999999999957 0.03881944444444443
1 0.2624453125 0.18699999999999997 0.0099609375 0.03559722222222222
1 0.426546875 0.1401388888888889 0.007140625000000078 0.0431111111111111
1 0.42151562499999995 0.137375 0.00513281249999995 0.0389861111111111
2 0.3185390625 0.12780555555555556 0.0567421875 0.032375
3 0.484375 0.11388888888888889 0.4875 0.0875 0.4875 0.05138888888888889 0.484375 0.03333333333333333 0.48046875 0.03611111111111111 0.478125 0.04861111111111111 0.4796875 0.1111111111111111 0.484375 0.11388888888888889
1 0.621875 0.2611111111111111 0.62578125 0.2611111111111111 0.62890625 0.25416666666666665 0.63203125 0.23194444444444445 0.63515625 0.21944444444444444 0.63515625 0.20694444444444443 0.634375 0.20277777777777778 0.63046875 0.1986111111111111 0.62890625 0.1986111111111111 0.6234375 0.20972222222222223 0.621875 0.22083333333333333 0.62109375 0.25972222222222224 0.621875 0.2611111111111111
1 0.57421875 0.25277777777777777 0.57578125 0.2152777777777778 0.57734375 0.20694444444444443 0.57734375 0.19722222222222222 0.5765625 0.19305555555555556 0.57578125 0.19305555555555556 0.57421875 0.18888888888888888 0.5734375 0.19027777777777777 0.56953125 0.19027777777777777 0.56640625 0.19444444444444445 0.56484375 0.21388888888888888 0.5640625 0.2513888888888889 0.57421875 0.25277777777777777
1 0.5315624999999999 0.13043055555555555 0.004343749999999957 0.03597222222222223
1 0.5380234374999999 0.13165277777777779 0.004765624999999929 0.03804166666666669
1 0.544484375 0.1297638888888889 0.004554687499999943 0.03427777777777779
1 0.5520078125000001 0.13145833333333334 0.004343749999999957 0.03465277777777776