2 0.16484375 0.6041666666666666 0.1671875 0.6180555555555556 0.2625 0.5541666666666667 0.28515625 0.5305555555555556 0.28984375 0.5208333333333334 0.284375 0.5194444444444445 0.2828125 0.5055555555555555 0.29453125 0.49027777777777776 0.29609375 0.4708333333333333 0.29140625 0.4583333333333333 0.28046875 0.4652777777777778 0.26640625 0.46111111111111114 0.24375 0.48055555555555557 0.23359375 0.48194444444444445 0.21796875 0.5125 0.1859375 0.5319444444444444 0.175 0.5291666666666667 0.17421875 0.5333333333333333 0.17109375 0.575 0.16484375 0.6041666666666666
1 0.21328125 0.36944444444444446 0.21328125 0.38333333333333336 0.21953125 0.4 0.21953125 0.4263888888888889 0.22578125 0.4305555555555556 0.22890625 0.42083333333333334 0.23359375 0.4263888888888889 0.240625 0.42083333333333334 0.24140625 0.38333333333333336 0.2296875 0.35 0.22265625 0.35 0.21875 0.3638888888888889 0.21328125 0.36944444444444446
1 0.25390625 0.2791666666666667 0.2578125 0.31527777777777777 0.26171875 0.31666666666666665 0.26484375 0.33055555555555555 0.26875 0.33055555555555555 0.26875 0.31805555555555554 0.275 0.3111111111111111 0.27109375 0.28194444444444444 0.271875 0.24722222222222223 0.26640625 0.23055555555555557 0.26015625 0.2263888888888889 0.25390625 0.2375 0.25390625 0.2791666666666667
1 0.30078125 0.2513888888888889 0.3 0.16944444444444445 0.28984375 0.1527777777777778 0.2828125 0.17083333333333334 0.2890625 0.2513888888888889 0.30078125 0.2513888888888889
1 0.96015625 0.47638888888888886 0.96640625 0.44027777777777777 0.95546875 0.4527777777777778 0.94921875 0.5083333333333333 0.96015625 0.47638888888888886
1 0.96171875 0.5152777777777777 0.96328125 0.5236111111111111 0.9796875 0.4597222222222222 0.97421875 0.46111111111111114 0.96796875 0.47638888888888886 0.9671875 0.49444444444444446 0.96171875 0.5152777777777777
1 0.98203125 0.5041666666666667 0.98984375 0.4708333333333333 0.9828125 0.47638888888888886 0.978125 0.49027777777777776 0.975 0.5180555555555556 0.98203125 0.5041666666666667
1 0.984375 0.5541666666666667 0.99140625 0.5305555555555556 0.99921875 0.5 0.99921875 0.4875 0.99375 0.49583333333333335 0.98515625 0.5263888888888889 0.98046875 0.5555555555555556 0.984375 0.5541666666666667
1 0.9 0.44583333333333336 0.9078125 0.44583333333333336 0.90703125 0.45416666666666666 0.909375 0.45555555555555555 0.9234375 0.3958333333333333 0.92421875 0.36666666666666664 0.91875 0.3638888888888889 0.90625 0.39444444444444443 0.90859375 0.40555555555555556 0.9 0.44583333333333336
1 0.84296875 0.3736111111111111 0.853125 0.3236111111111111 0.85234375 0.30277777777777776 0.8484375 0.30277777777777776 0.84140625 0.3277777777777778 0.8390625 0.375 0.84296875 0.3736111111111111
1 0.828125 0.36527777777777776 0.8296875 0.34305555555555556 0.8359375 0.32222222222222224 0.83828125 0.2777777777777778 0.834375 0.2791666666666667 0.83203125 0.2916666666666667 0.828125 0.2916666666666667 0.82421875 0.3194444444444444 0.8203125 0.3638888888888889 0.828125 0.36527777777777776
1 0.83984375 0.3416666666666667 0.8453125 0.2972222222222222 0.8421875 0.29583333333333334 0.83671875 0.3125 0.83515625 0.3458333333333333 0.83984375 0.3416666666666667
1 0.81796875 0.34444444444444444 0.82421875 0.32083333333333336 0.82890625 0.2763888888888889 0.82578125 0.2777777777777778 0.81953125 0.2986111111111111 0.8125 0.3458333333333333 0.81796875 0.34444444444444444
3 0.91484375 0.2388888888888889 0.921875 0.20833333333333334 0.928125 0.20277777777777778 0.9265625 0.18611111111111112 0.93125 0.15694444444444444 0.92890625 0.12361111111111112 0.9171875 0.1388888888888889 0.91328125 0.16527777777777777 0.909375 0.2361111111111111 0.91484375 0.2388888888888889
4 0.32421875 0.25833333333333336 0.321875 0.2763888888888889 0.31484375 0.29444444444444445 0.31484375 0.3125 0.31875 0.3263888888888889 0.3328125 0.3416666666666667 0.35 0.3458333333333333 0.36953125 0.3416666666666667 0.38359375 0.33055555555555555 0.38984375 0.3138888888888889 0.38984375 0.3 0.3890625 0.2861111111111111 0.38046875 0.25555555555555554 0.3837890625 0.22743055555555555 0.38525390625 0.1987847222222222 0.38134765625 0.1970486111111111 0.3720703125 0.20833333333333334 0.3603515625 0.2109375 0.34033203125 0.21180555555555555 0.3291015625 0.20052083333333334 0.3203125 0.1875 0.3234375 0.20416666666666666 0.32421875 0.25833333333333336
0 0.33671875 0.20277777777777778 0.3515625 0.20555555555555555 0.378125 0.19305555555555556 0.3765625 0.17083333333333334 0.35703125 0.14305555555555555 0.33203125 0.14722222222222223 0.32421875 0.15416666666666667 0.3234375 0.16944444444444445 0.33671875 0.20277777777777778