3 0.22578125 0.375 0.234375 0.49027777777777776 0.23828125 0.49583333333333335 0.24921875 0.49722222222222223 0.2484375 0.4236111111111111 0.24453125 0.3972222222222222 0.253125 0.39166666666666666 0.25390625 0.3472222222222222 0.24921875 0.2986111111111111 0.2390625 0.275 0.24140625 0.2569444444444444 0.2375 0.24305555555555555 0.23046875 0.24722222222222223 0.23125 0.27361111111111114 0.22265625 0.2916666666666667 0.21953125 0.35 0.22578125 0.375
2 0.32421875 0.39166666666666666 0.41953125 0.375 0.4375 0.3625 0.4328125 0.35833333333333334 0.4328125 0.3458333333333333 0.44453125 0.3375 0.44609375 0.31527777777777777 0.44296875 0.30972222222222223 0.41640625 0.30416666666666664 0.38984375 0.30694444444444446 0.3828125 0.3194444444444444 0.369140625 0.3277777777777778 0.33828125 0.325 0.33046875 0.3597222222222222 0.32265625 0.37777777777777777 0.321875 0.3902777777777778 0.32421875 0.39166666666666666
0 0.4703125 0.30694444444444446 0.48359375 0.3138888888888889 0.5171875 0.3111111111111111 0.528125 0.30833333333333335 0.5421875 0.29444444444444445 0.53984375 0.2652777777777778 0.53125 0.24722222222222223 0.46328125 0.2513888888888889 0.46328125 0.28888888888888886 0.4703125 0.30694444444444446
4 0.45859375 0.45555555555555555 0.48046875 0.4708333333333333 0.51328125 0.4708333333333333 0.52578125 0.4625 0.53515625 0.4486111111111111 0.53828125 0.4125 0.534375 0.3819444444444444 0.5283203125 0.3532986111111111 0.5283203125 0.3333333333333333 0.53173828125 0.3177083333333333 0.52783203125 0.3159722222222222 0.50732421875 0.3159722222222222 0.466796875 0.3125 0.46240234375 0.3211805555555556 0.46533203125 0.3411458333333333 0.465625 0.3541666666666667 0.453125 0.3888888888888889 0.4515625 0.4125 0.45234375 0.4444444444444444 0.45859375 0.45555555555555555
1 0.8625 0.5666666666666667 0.86484375 0.5736111111111111 0.8765625 0.5319444444444444 0.8828125 0.49166666666666664 0.8796875 0.49166666666666664 0.86796875 0.5138888888888888 0.8671875 0.5458333333333333 0.8625 0.5666666666666667
1 0.88515625 0.5791666666666667 0.88515625 0.5666666666666667 0.89453125 0.5402777777777777 0.90078125 0.5055555555555555 0.89765625 0.5055555555555555 0.8875 0.5277777777777778 0.88203125 0.5805555555555556 0.88515625 0.5791666666666667
1 0.8984375 0.5861111111111111 0.8984375 0.5736111111111111 0.9078125 0.55 0.915625 0.5111111111111111 0.91171875 0.5111111111111111 0.90234375 0.5319444444444444 0.8953125 0.5875 0.8984375 0.5861111111111111
1 0.9140625 0.5944444444444444 0.9234375 0.5611111111111111 0.92890625 0.5236111111111111 0.92421875 0.5291666666666667 0.91640625 0.5569444444444445 0.9109375 0.5958333333333333 0.9140625 0.5944444444444444
1 0.5890625 0.3611111111111111 0.5984375 0.35833333333333334 0.60234375 0.3625 0.60859375 0.3 0.60390625 0.26805555555555555 0.5984375 0.2708333333333333 0.58984375 0.29583333333333334 0.59140625 0.33055555555555555 0.5890625 0.3611111111111111
1 0.2890625 0.25 0.3 0.2513888888888889 0.29765625 0.21666666666666667 0.3015625 0.175 0.29296875 0.1527777777777778 0.2890625 0.15416666666666667 0.2828125 0.17222222222222222 0.28984375 0.2263888888888889 0.2890625 0.25
1 0.3578125 0.23055555555555557 0.36171875 0.18888888888888888 0.3578125 0.16944444444444445 0.3546875 0.16944444444444445 0.35234375 0.18055555555555555 0.35234375 0.23333333333333334 0.3578125 0.23055555555555557
1 0.38203125 0.21944444444444444 0.3828125 0.18472222222222223 0.3796875 0.17083333333333334 0.375 0.1763888888888889 0.3765625 0.22777777777777777 0.38203125 0.21944444444444444
1 0.39140625 0.22777777777777777 0.39453125 0.17777777777777778 0.390625 0.1638888888888889 0.384375 0.1736111111111111 0.3875 0.21805555555555556 0.39140625 0.22777777777777777
1 0.40703125 0.22777777777777777 0.40703125 0.16111111111111112 0.4015625 0.16111111111111112 0.39453125 0.175 0.39609375 0.2263888888888889 0.40703125 0.22777777777777777
1 0.36953125 0.23333333333333334 0.371875 0.175 0.36640625 0.17083333333333334 0.3625 0.18333333333333332 0.36484375 0.23055555555555557 0.36953125 0.23333333333333334