1 0.2265625 0.44027777777777777 0.228125 0.46944444444444444 0.23203125 0.4708333333333333 0.23515625 0.46111111111111114 0.24140625 0.46805555555555556 0.2421875 0.3902777777777778 0.2390625 0.37222222222222223 0.22890625 0.3472222222222222 0.2234375 0.3472222222222222 0.21796875 0.36666666666666664 0.2140625 0.36944444444444446 0.2203125 0.42777777777777776 0.2265625 0.44027777777777777
1 0.2890625 0.2298611111111111 0.2890625 0.25 0.3 0.25 0.29765625 0.2152777777777778 0.3015625 0.1736111111111111 0.2921875 0.1527777777777778 0.2828125 0.16805555555555557 0.2828125 0.1986111111111111 0.2890625 0.2298611111111111
1 0.3546875 0.23194444444444445 0.35859375 0.225 0.3609375 0.18055555555555555 0.35546875 0.17083333333333334 0.35234375 0.18194444444444444 0.3515625 0.23055555555555557 0.3546875 0.23194444444444445
1 0.36953125 0.23333333333333334 0.37265625 0.1986111111111111 0.37109375 0.1736111111111111 0.3671875 0.17083333333333334 0.36328125 0.18333333333333332 0.365625 0.23194444444444445 0.36953125 0.23333333333333334
1 0.3796875 0.23055555555555557 0.3828125 0.21944444444444444 0.38359375 0.18472222222222223 0.3796875 0.16944444444444445 0.375 0.17777777777777778 0.375 0.22083333333333333 0.3796875 0.23055555555555557
1 0.390625 0.2263888888888889 0.39453125 0.17777777777777778 0.390625 0.1638888888888889 0.384375 0.175 0.38671875 0.22083333333333333 0.390625 0.2263888888888889
1 0.39765625 0.2263888888888889 0.403125 0.2263888888888889 0.4078125 0.21666666666666667 0.4046875 0.16527777777777777 0.40078125 0.1638888888888889 0.39609375 0.175 0.39609375 0.21944444444444444 0.39765625 0.2263888888888889
1 0.375 0.48055555555555557 0.37265625 0.5111111111111111 0.37890625 0.5138888888888888 0.38125 0.5319444444444444 0.38984375 0.5333333333333333 0.390625 0.5208333333333334 0.3984375 0.5111111111111111 0.39375 0.4652777777777778 0.39375 0.45416666666666666 0.396875 0.45 0.39609375 0.42777777777777776 0.38984375 0.40694444444444444 0.3828125 0.4027777777777778 0.371875 0.4361111111111111 0.371875 0.4666666666666667 0.375 0.48055555555555557
1 0.71640625 0.29583333333333334 0.72109375 0.2652777777777778 0.7203125 0.23055555555555557 0.7109375 0.24444444444444444 0.709375 0.25555555555555554 0.71015625 0.30833333333333335 0.71640625 0.29583333333333334
1 0.70234375 0.30277777777777776 0.7015625 0.2916666666666667 0.7078125 0.275 0.71171875 0.24305555555555555 0.71015625 0.23055555555555557 0.70234375 0.2513888888888889 0.69765625 0.30416666666666664 0.70234375 0.30277777777777776
1 0.7203125 0.3138888888888889 0.72890625 0.26805555555555555 0.728125 0.25 0.72421875 0.25277777777777777 0.71875 0.2791666666666667 0.7171875 0.3111111111111111 0.7203125 0.3138888888888889
1 0.72734375 0.33055555555555555 0.73828125 0.2791666666666667 0.7375 0.2569444444444444 0.734375 0.25277777777777777 0.7296875 0.2611111111111111 0.725 0.2861111111111111 0.7234375 0.33055555555555555 0.72734375 0.33055555555555555
1 0.75703125 0.3638888888888889 0.7609375 0.3625 0.76875 0.3736111111111111 0.77890625 0.31527777777777777 0.7765625 0.28194444444444444 0.771875 0.28194444444444444 0.77109375 0.2902777777777778 0.7625 0.3055555555555556 0.76328125 0.3333333333333333 0.75703125 0.3638888888888889
1 0.8171875 0.43472222222222223 0.83125 0.3611111111111111 0.828125 0.3611111111111111 0.81875 0.37916666666666665 0.8140625 0.42777777777777776 0.8171875 0.43472222222222223
1 0.84453125 0.4 0.846875 0.37777777777777777 0.8421875 0.37916666666666665 0.8359375 0.39444444444444443 0.83359375 0.4444444444444444 0.84453125 0.4
1 0.8484375 0.45 0.846875 0.44305555555555554 0.85625 0.4166666666666667 0.86171875 0.38333333333333336 0.85625 0.38472222222222224 0.84921875 0.4041666666666667 0.8453125 0.4527777777777778 0.8484375 0.45
1 0.8734375 0.41944444444444445 0.8734375 0.3972222222222222 0.8640625 0.425 0.8609375 0.4513888888888889 0.8625 0.4638888888888889 0.8734375 0.41944444444444445
4 0.66796875 0.6277777777777778 0.70390625 0.6472222222222223 0.73046875 0.6416666666666667 0.7421875 0.625 0.74765625 0.6027777777777777 0.75 0.5708333333333333 0.74765625 0.5277777777777778 0.74296875 0.5069444444444444 0.746875 0.48333333333333334 0.76171875 0.4652777777777778 0.76171875 0.44583333333333336 0.753125 0.42777777777777776 0.74921875 0.4263888888888889 0.7484375 0.44166666666666665 0.74140625 0.45694444444444443 0.7140625 0.48055555555555557 0.71171875 0.4888888888888889 0.6953125 0.49583333333333335 0.69140625 0.5111111111111111 0.6640625 0.5263888888888889 0.65625 0.5430555555555555 0.653125 0.5597222222222222 0.65390625 0.6013888888888889 0.66796875 0.6277777777777778
0 0.71484375 0.4777777777777778 0.72421875 0.47638888888888886 0.746875 0.44583333333333336 0.7484375 0.42916666666666664 0.7453125 0.42083333333333334 0.68359375 0.37083333333333335 0.67734375 0.37083333333333335 0.65703125 0.3888888888888889 0.65078125 0.4027777777777778 0.6515625 0.42083333333333334 0.71484375 0.4777777777777778
3 0.55546875 0.15486111111111112 0.5546875 0.20277777777777778 0.5609375 0.20555555555555555 0.56328125 0.20277777777777778 0.57109375 0.11388888888888889 0.5703125 0.07361111111111111 0.5640625 0.06111111111111111 0.5625 0.04027777777777778 0.5578125 0.043055555555555555 0.55859375 0.05555555555555555 0.55 0.08472222222222223 0.54921875 0.12083333333333333 0.55546875 0.15486111111111112
2 0.365625 0.32916666666666666 0.38671875 0.3347222222222222 0.40234375 0.32222222222222224 0.41640625 0.3236111111111111 0.42421875 0.31666666666666665 0.4296875 0.3277777777777778 0.4453125 0.325 0.45859375 0.31666666666666665 0.45625 0.3 0.46640625 0.2875 0.46640625 0.2722222222222222 0.45 0.2611111111111111 0.4390625 0.2611111111111111 0.41640625 0.2638888888888889 0.39765625 0.28194444444444444 0.36875 0.2777777777777778 0.36484375 0.30416666666666664 0.35546875 0.325 0.35546875 0.3388888888888889 0.365625 0.32916666666666666