1 0.37890625 0.5138888888888888 0.38125 0.5319444444444444 0.3890625 0.5333333333333333 0.38984375 0.5208333333333334 0.3984375 0.5111111111111111 0.39375 0.4625 0.396875 0.4486111111111111 0.39609375 0.4263888888888889 0.38828125 0.4041666666666667 0.38203125 0.4027777777777778 0.371875 0.43333333333333335 0.37265625 0.5111111111111111 0.37890625 0.5138888888888888
1 0.228125 0.4666666666666667 0.2296875 0.4708333333333333 0.24140625 0.46805555555555556 0.240625 0.37916666666666665 0.22890625 0.3472222222222222 0.22421875 0.3472222222222222 0.22109375 0.3625 0.21484375 0.36944444444444446 0.21484375 0.3902777777777778 0.228125 0.4666666666666667
1 0.2890625 0.22361111111111112 0.2890625 0.25 0.3 0.2513888888888889 0.2984375 0.2013888888888889 0.3015625 0.1736111111111111 0.29140625 0.1527777777777778 0.2828125 0.16666666666666666 0.28359375 0.2 0.2890625 0.22361111111111112
1 0.8140625 0.42777777777777776 0.8171875 0.4361111111111111 0.83125 0.3611111111111111 0.82265625 0.36944444444444446 0.81875 0.38055555555555554 0.81875 0.40555555555555556 0.8140625 0.42777777777777776
1 0.84453125 0.4 0.846875 0.37777777777777777 0.84296875 0.37777777777777777 0.8359375 0.3958333333333333 0.83359375 0.4444444444444444 0.84453125 0.4
1 0.8484375 0.45 0.8484375 0.4375 0.85625 0.4152777777777778 0.86171875 0.38333333333333336 0.85625 0.38472222222222224 0.84921875 0.4041666666666667 0.8453125 0.4527777777777778 0.8484375 0.45
1 0.8625 0.4638888888888889 0.8734375 0.42083333333333334 0.87421875 0.3972222222222222 0.86953125 0.4027777777777778 0.8640625 0.425 0.86015625 0.4583333333333333 0.8625 0.4638888888888889
1 0.35546875 0.23333333333333334 0.35859375 0.225 0.36171875 0.18472222222222223 0.35703125 0.17083333333333334 0.35234375 0.18194444444444444 0.3515625 0.23055555555555557 0.35546875 0.23333333333333334
1 0.365625 0.23194444444444445 0.36953125 0.23472222222222222 0.3734375 0.18194444444444444 0.36953125 0.16805555555555557 0.36640625 0.16805555555555557 0.36328125 0.17777777777777778 0.36171875 0.19166666666666668 0.365625 0.23194444444444445
1 0.3796875 0.23055555555555557 0.3828125 0.21944444444444444 0.3828125 0.18055555555555555 0.38046875 0.16944444444444445 0.37578125 0.17222222222222222 0.375 0.22083333333333333 0.3796875 0.23055555555555557
1 0.3875 0.22361111111111112 0.39140625 0.22777777777777777 0.39375 0.225 0.39453125 0.17777777777777778 0.390625 0.1638888888888889 0.38515625 0.17222222222222222 0.38359375 0.18472222222222223 0.3875 0.22361111111111112
1 0.40546875 0.22777777777777777 0.4078125 0.22361111111111112 0.40703125 0.16111111111111112 0.4015625 0.1625 0.39609375 0.1736111111111111 0.396875 0.2263888888888889 0.40546875 0.22777777777777777
1 0.70234375 0.30277777777777776 0.7078125 0.275 0.71171875 0.2388888888888889 0.71015625 0.23055555555555557 0.7015625 0.25833333333333336 0.69765625 0.30416666666666664 0.70234375 0.30277777777777776
1 0.70703125 0.3289930555555556 0.7203125 0.2708333333333333 0.7203125 0.23055555555555557 0.7109375 0.24305555555555555 0.709375 0.25277777777777777 0.709375 0.2972222222222222 0.70703125 0.3289930555555556
1 0.7203125 0.3138888888888889 0.72578125 0.29444444444444445 0.72890625 0.25 0.725 0.2513888888888889 0.71796875 0.28194444444444444 0.71640625 0.30972222222222223 0.7203125 0.3138888888888889
1 0.728125 0.32916666666666666 0.73828125 0.2777777777777778 0.7375 0.25833333333333336 0.73359375 0.25277777777777777 0.72578125 0.2847222222222222 0.7234375 0.33055555555555555 0.728125 0.32916666666666666
1 0.7578125 0.36527777777777776 0.76171875 0.3597222222222222 0.76875 0.37222222222222223 0.77890625 0.3125 0.77578125 0.28194444444444444 0.77265625 0.28194444444444444 0.76484375 0.2986111111111111 0.7609375 0.3194444444444444 0.7640625 0.33055555555555555 0.7578125 0.36527777777777776
2 0.43984375 0.3277777777777778 0.4578125 0.31666666666666665 0.4546875 0.3125 0.45625 0.3 0.465625 0.28888888888888886 0.46640625 0.2722222222222222 0.46328125 0.26666666666666666 0.43828125 0.2611111111111111 0.41640625 0.2638888888888889 0.39765625 0.28194444444444444 0.36953125 0.2777777777777778 0.36484375 0.29305555555555557 0.36484375 0.3055555555555556 0.35546875 0.3263888888888889 0.35546875 0.3388888888888889 0.43984375 0.3277777777777778
0 0.5171875 0.4166666666666667 0.5609375 0.4013888888888889 0.58125 0.3902777777777778 0.58828125 0.37916666666666665 0.5859375 0.35694444444444445 0.56015625 0.32222222222222224 0.52265625 0.3375 0.490625 0.35833333333333334 0.490625 0.37777777777777777 0.5171875 0.4166666666666667
4 0.51015625 0.41944444444444445 0.50078125 0.4513888888888889 0.490625 0.4708333333333333 0.4875 0.5180555555555556 0.49140625 0.5291666666666667 0.5078125 0.5513888888888889 0.53203125 0.5638888888888889 0.5578125 0.5625 0.57265625 0.5486111111111112 0.58125 0.5333333333333333 0.584375 0.49027777777777776 0.58046875 0.48055555555555557 0.57734375 0.44583333333333336 0.5671875 0.43194444444444446 0.5671875 0.42083333333333334 0.5703125 0.40694444444444444 0.58046875 0.39861111111111114 0.58447265625 0.3932291666666667 0.5927734375 0.3836805555555556 0.5830078125 0.3932291666666667 0.56591796875 0.4045138888888889 0.5263671875 0.4192708333333333 0.51904296875 0.4201388888888889 0.52099609375 0.4279513888888889 0.509765625 0.4184027777777778 0.51015625 0.41944444444444445