1 0.2953125 0.15416666666666667 0.3 0.15555555555555556 0.30234375 0.14722222222222223 0.296875 0.1125 0.29453125 0.10694444444444444 0.28671875 0.1111111111111111 0.2859375 0.11944444444444445 0.2953125 0.15416666666666667
1 0.32421875 0.14166666666666666 0.3265625 0.10694444444444444 0.31640625 0.10277777777777777 0.31640625 0.12638888888888888 0.32421875 0.14166666666666666
4 0.3328125 0.15694444444444444 0.33125 0.20555555555555555 0.3390625 0.21388888888888888 0.3625 0.20694444444444443 0.365625 0.1875 0.3609375 0.17916666666666667 0.35546875 0.14444444444444443 0.33125 0.14166666666666666 0.328125 0.14305555555555555 0.3328125 0.15694444444444444
0 0.3484375 0.14444444444444443 0.35625 0.13333333333333333 0.3546875 0.12638888888888888 0.34921875 0.12361111111111112 0.33125 0.12361111111111112 0.32578125 0.12916666666666668 0.328125 0.14305555555555555 0.3484375 0.14444444444444443
0 0.40859375 0.14444444444444443 0.41875 0.14305555555555555 0.4234375 0.13194444444444445 0.421875 0.125 0.4015625 0.12083333333333333 0.38984375 0.12777777777777777 0.3921875 0.14027777777777778 0.40859375 0.14444444444444443
4 0.39296875 0.1388888888888889 0.3953125 0.1625 0.39296875 0.19583333333333333 0.3984375 0.2125 0.415625 0.21388888888888888 0.42578125 0.20694444444444443 0.41796875 0.13333333333333333 0.4109375 0.14166666666666666 0.39296875 0.1388888888888889
3 0.48359375 0.11388888888888889 0.4875 0.075 0.4875 0.05138888888888889 0.48359375 0.03333333333333333 0.47890625 0.04583333333333333 0.4796875 0.10972222222222222 0.48359375 0.11388888888888889
1 0.3546875 0.12361111111111112 0.3578125 0.14583333333333334 0.3703125 0.14722222222222223 0.36640625 0.09583333333333334 0.34921875 0.09444444444444444 0.34921875 0.10972222222222222 0.3546875 0.12361111111111112
1 0.55625 0.14305555555555555 0.5578125 0.125 0.5546875 0.1111111111111111 0.52734375 0.1111111111111111 0.5265625 0.14444444444444443 0.55625 0.14305555555555555
1 0.57734375 0.23472222222222222 0.58125 0.1875 0.57421875 0.18055555555555555 0.57109375 0.18888888888888888 0.57109375 0.23333333333333334 0.57734375 0.23472222222222222
1 0.62890625 0.2611111111111111 0.6359375 0.21666666666666667 0.63515625 0.20277777777777778 0.62890625 0.1986111111111111 0.6234375 0.20833333333333334 0.621875 0.2222222222222222 0.62109375 0.25833333333333336 0.62890625 0.2611111111111111
1 0 0.44166666666666665 0.00625 0.4597222222222222 0.02890625 0.45555555555555555 0.06875 0.4305555555555556 0.05234375 0.37777777777777777 0.00234375 0.3958333333333333 0 0.3972222222222222 0 0.44166666666666665
2 0.0265625 0.35138888888888886 0.028125 0.35694444444444445 0.1109375 0.3527777777777778 0.12890625 0.33194444444444443 0.12421875 0.31805555555555554 0.109375 0.3138888888888889 0.07578125 0.3138888888888889 0.06484375 0.3236111111111111 0.053125 0.325 0.03203125 0.32222222222222224 0.0296875 0.3458333333333333 0.0265625 0.35138888888888886