1 0.3796875 0.5152777777777777 0.38125 0.5319444444444444 0.38671875 0.5347222222222222 0.39765625 0.5125 0.39296875 0.4625 0.396875 0.43472222222222223 0.3859375 0.4027777777777778 0.38203125 0.4041666666666667 0.3734375 0.43194444444444446 0.3734375 0.5125 0.3796875 0.5152777777777777
1 0.21953125 0.39861111111111114 0.2203125 0.42777777777777776 0.22734375 0.44305555555555554 0.2296875 0.46944444444444444 0.2328125 0.4597222222222222 0.24140625 0.4652777777777778 0.240625 0.37777777777777777 0.2359375 0.36527777777777776 0.23203125 0.3638888888888889 0.22734375 0.3472222222222222 0.2234375 0.35 0.21640625 0.37083333333333335 0.21484375 0.38333333333333336 0.21953125 0.39861111111111114
1 0.2890625 0.22083333333333333 0.2890625 0.2513888888888889 0.3 0.2513888888888889 0.30078125 0.16944444444444445 0.29140625 0.1527777777777778 0.284375 0.17222222222222222 0.2828125 0.18194444444444444 0.2890625 0.22083333333333333
1 0.35859375 0.23194444444444445 0.36171875 0.19166666666666668 0.3578125 0.17083333333333334 0.35390625 0.17222222222222222 0.35234375 0.18194444444444444 0.35234375 0.23472222222222222 0.35859375 0.23194444444444445
1 0.36953125 0.23472222222222222 0.3734375 0.18333333333333332 0.36953125 0.17083333333333334 0.36328125 0.18194444444444444 0.365625 0.23333333333333334 0.36953125 0.23472222222222222
1 0.3796875 0.23055555555555557 0.38359375 0.18472222222222223 0.3796875 0.16944444444444445 0.375 0.1763888888888889 0.375 0.22083333333333333 0.3796875 0.23055555555555557
1 0.390625 0.22916666666666666 0.39296875 0.225 0.39453125 0.175 0.390625 0.1638888888888889 0.384375 0.1736111111111111 0.38671875 0.21944444444444444 0.390625 0.22916666666666666
1 0.403125 0.22916666666666666 0.4078125 0.225 0.40546875 0.16111111111111112 0.40078125 0.1625 0.39609375 0.1736111111111111 0.39609375 0.2263888888888889 0.403125 0.22916666666666666
1 0.7578125 0.3680555555555556 0.76875 0.3736111111111111 0.77890625 0.3138888888888889 0.77578125 0.28194444444444444 0.76484375 0.2972222222222222 0.7609375 0.31805555555555554 0.7625 0.3347222222222222 0.7578125 0.3680555555555556
1 0.81484375 0.425 0.8171875 0.43472222222222223 0.83125 0.3611111111111111 0.821875 0.37083333333333335 0.81875 0.38055555555555554 0.81875 0.4083333333333333 0.81484375 0.425
1 0.83203125 0.4375 0.834375 0.44583333333333336 0.846875 0.37777777777777777 0.84140625 0.38055555555555554 0.8359375 0.3958333333333333 0.83671875 0.41388888888888886 0.83203125 0.4375
1 0.8484375 0.4513888888888889 0.84921875 0.4361111111111111 0.85546875 0.41944444444444445 0.86171875 0.38333333333333336 0.85546875 0.3861111111111111 0.85 0.4 0.8453125 0.4527777777777778 0.8484375 0.4513888888888889
1 0.86171875 0.4625 0.8734375 0.41944444444444445 0.8734375 0.3972222222222222 0.86484375 0.4236111111111111 0.86015625 0.45694444444444443 0.86171875 0.4625
1 0.7060546875 0.3263888888888889 0.7203125 0.26805555555555555 0.7203125 0.24305555555555555 0.7125 0.24305555555555555 0.71015625 0.25 0.709375 0.2777777777777778 0.7060546875 0.3263888888888889
1 0.7203125 0.3138888888888889 0.73046875 0.26944444444444443 0.728125 0.25 0.725 0.2513888888888889 0.71875 0.2791666666666667 0.71640625 0.3111111111111111 0.7203125 0.3138888888888889
1 0.7234375 0.33055555555555555 0.7296875 0.325 0.73046875 0.30694444444444446 0.7375 0.2763888888888889 0.7359375 0.2569444444444444 0.73125 0.2569444444444444 0.72578125 0.28194444444444444 0.7265625 0.30972222222222223 0.7234375 0.33055555555555555
1 0.7015625 0.30277777777777776 0.7015625 0.2916666666666667 0.70703125 0.2791666666666667 0.7125 0.2375 0.7109375 0.23194444444444445 0.70625 0.2361111111111111 0.70234375 0.2513888888888889 0.69765625 0.30416666666666664 0.7015625 0.30277777777777776
2 0.440625 0.3277777777777778 0.45859375 0.31666666666666665 0.45703125 0.3 0.46484375 0.2916666666666667 0.46640625 0.275 0.4640625 0.26805555555555555 0.44453125 0.2611111111111111 0.41484375 0.2652777777777778 0.40390625 0.28055555555555556 0.37421875 0.28194444444444444 0.36953125 0.2777777777777778 0.36328125 0.30972222222222223 0.35546875 0.3263888888888889 0.35546875 0.3402777777777778 0.440625 0.3277777777777778
3 0.55 0.08611111111111111 0.55 0.12361111111111112 0.55546875 0.15486111111111112 0.55546875 0.20416666666666666 0.56171875 0.20555555555555555 0.565625 0.1736111111111111 0.565625 0.1361111111111111 0.57109375 0.11388888888888889 0.57109375 0.08888888888888889 0.5640625 0.043055555555555555 0.56015625 0.04027777777777778 0.5578125 0.044444444444444446 0.55859375 0.05138888888888889 0.55 0.08611111111111111