1 0.21953125 0.4 0.2203125 0.42777777777777776 0.22890625 0.46944444444444444 0.23203125 0.46944444444444444 0.2328125 0.46111111111111114 0.240625 0.4652777777777778 0.23828125 0.42777777777777776 0.24140625 0.42083333333333334 0.2390625 0.40694444444444444 0.24140625 0.3819444444444444 0.22734375 0.3472222222222222 0.22265625 0.35138888888888886 0.22265625 0.3625 0.21484375 0.37083333333333335 0.21484375 0.3902777777777778 0.21953125 0.4
1 0.30078125 0.2513888888888889 0.2984375 0.225 0.30078125 0.16944444444444445 0.29296875 0.1527777777777778 0.28359375 0.17083333333333334 0.2890625 0.2513888888888889 0.30078125 0.2513888888888889
1 0.35625 0.23333333333333334 0.35859375 0.23055555555555557 0.36171875 0.18472222222222223 0.35625 0.16944444444444445 0.35234375 0.18194444444444444 0.3515625 0.23055555555555557 0.35625 0.23333333333333334
1 0.3703125 0.23333333333333334 0.37265625 0.18055555555555555 0.3671875 0.17083333333333334 0.36328125 0.18194444444444444 0.365625 0.23055555555555557 0.3703125 0.23333333333333334
1 0.3796875 0.23055555555555557 0.38359375 0.18472222222222223 0.38046875 0.17083333333333334 0.375 0.1763888888888889 0.375 0.22083333333333333 0.3796875 0.23055555555555557
1 0.390625 0.22916666666666666 0.39375 0.2263888888888889 0.3953125 0.18194444444444444 0.390625 0.1638888888888889 0.384375 0.1736111111111111 0.3875 0.22361111111111112 0.390625 0.22916666666666666
1 0.3984375 0.2263888888888889 0.40546875 0.2263888888888889 0.4078125 0.22361111111111112 0.40546875 0.16666666666666666 0.40078125 0.1638888888888889 0.39609375 0.18055555555555555 0.396875 0.21944444444444444 0.3984375 0.2263888888888889
1 0.38046875 0.5152777777777777 0.38125 0.5319444444444444 0.38671875 0.5347222222222222 0.3984375 0.5111111111111111 0.39296875 0.4625 0.39296875 0.45416666666666666 0.396875 0.4486111111111111 0.396875 0.43333333333333335 0.38671875 0.4027777777777778 0.38125 0.40555555555555556 0.37265625 0.43333333333333335 0.3734375 0.5125 0.38046875 0.5152777777777777
1 0.7015625 0.30277777777777776 0.7015625 0.29305555555555557 0.7078125 0.2777777777777778 0.709375 0.23472222222222222 0.70234375 0.25277777777777777 0.696875 0.30416666666666664 0.7015625 0.30277777777777776
1 0.71015625 0.32083333333333336 0.72109375 0.26944444444444443 0.72109375 0.23194444444444445 0.71640625 0.23333333333333334 0.7109375 0.24444444444444444 0.70859375 0.25833333333333336 0.70625 0.31805555555555554 0.71015625 0.32083333333333336
1 0.7203125 0.31527777777777777 0.72578125 0.29444444444444445 0.728125 0.25 0.725 0.2513888888888889 0.71796875 0.2847222222222222 0.7171875 0.3125 0.7203125 0.31527777777777777
1 0.7296875 0.3236111111111111 0.73046875 0.30694444444444446 0.73828125 0.275 0.7375 0.25833333333333336 0.7328125 0.25555555555555554 0.7265625 0.2777777777777778 0.72421875 0.33055555555555555 0.7296875 0.3236111111111111
1 0.76875 0.37222222222222223 0.77890625 0.3138888888888889 0.77734375 0.2847222222222222 0.77265625 0.28194444444444444 0.7625 0.30416666666666664 0.7578125 0.36527777777777776 0.76875 0.37222222222222223
1 0.8171875 0.43333333333333335 0.8234375 0.4125 0.83125 0.3625 0.82734375 0.3625 0.81875 0.3819444444444444 0.81484375 0.425 0.8171875 0.43333333333333335
1 0.8453125 0.39444444444444443 0.8453125 0.3763888888888889 0.8359375 0.3972222222222222 0.83359375 0.4444444444444444 0.8453125 0.39444444444444443
1 0.8484375 0.4513888888888889 0.85625 0.4166666666666667 0.8609375 0.3875 0.859375 0.3819444444444444 0.84921875 0.40555555555555556 0.8453125 0.4527777777777778 0.8484375 0.4513888888888889
1 0.8765625 0.4 0.871875 0.39861111111111114 0.86484375 0.4236111111111111 0.86171875 0.4625 0.8765625 0.4
2 0.44375 0.3263888888888889 0.4578125 0.31666666666666665 0.45703125 0.3 0.46640625 0.28888888888888886 0.46640625 0.2722222222222222 0.46328125 0.26666666666666666 0.45625 0.2708333333333333 0.44921875 0.2611111111111111 0.4390625 0.2611111111111111 0.41640625 0.2638888888888889 0.4015625 0.28194444444444444 0.36953125 0.2777777777777778 0.3625 0.30972222222222223 0.35546875 0.325 0.3546875 0.3388888888888889 0.44375 0.3263888888888889
3 0.55 0.08611111111111111 0.55 0.12222222222222222 0.55546875 0.14444444444444443 0.55546875 0.20416666666666666 0.56171875 0.20555555555555555 0.565625 0.14166666666666666 0.57109375 0.1125 0.57109375 0.08611111111111111 0.56328125 0.04027777777777778 0.5578125 0.043055555555555555 0.55859375 0.05416666666666667 0.55 0.08611111111111111
0 0.765625 0.17083333333333334 0.76640625 0.1388888888888889 0.7640625 0.13472222222222222 0.7375 0.12638888888888888 0.73359375 0.1375 0.73359375 0.1638888888888889 0.765625 0.17083333333333334