1 0.17578125 0.39305555555555555 0.175 0.40694444444444444 0.18203125 0.42916666666666664 0.1890625 0.48194444444444445 0.190625 0.4736111111111111 0.2 0.46944444444444444 0.2 0.46111111111111114 0.19375 0.425 0.19296875 0.3902777777777778 0.18515625 0.3680555555555556 0.17890625 0.37222222222222223 0.18046875 0.3861111111111111 0.17578125 0.39305555555555555
1 0.22578125 0.3972222222222222 0.22578125 0.41805555555555557 0.22890625 0.41944444444444445 0.23203125 0.4152777777777778 0.23125 0.375 0.228125 0.33055555555555555 0.22734375 0.3263888888888889 0.22265625 0.3277777777777778 0.21953125 0.3541666666666667 0.22578125 0.3972222222222222
1 0.23671875 0.4041666666666667 0.2359375 0.41805555555555557 0.240625 0.42777777777777776 0.24921875 0.41805555555555557 0.24375 0.35 0.23671875 0.3138888888888889 0.23203125 0.31527777777777777 0.23203125 0.3277777777777778 0.228125 0.3347222222222222 0.22734375 0.3472222222222222 0.23671875 0.4041666666666667
1 0.24921875 0.3972222222222222 0.253125 0.4 0.25546875 0.3972222222222222 0.253125 0.3402777777777778 0.24921875 0.32083333333333336 0.2453125 0.3236111111111111 0.24609375 0.37222222222222223 0.24921875 0.3972222222222222
1 0.2625 0.40555555555555556 0.265625 0.40694444444444444 0.26796875 0.4013888888888889 0.2671875 0.3375 0.2578125 0.31666666666666665 0.25390625 0.32083333333333336 0.253125 0.35138888888888886 0.2625 0.40555555555555556
1 0.28203125 0.18194444444444444 0.28359375 0.2013888888888889 0.28828125 0.2152777777777778 0.2890625 0.24861111111111112 0.3 0.2513888888888889 0.29765625 0.2111111111111111 0.3015625 0.1736111111111111 0.29453125 0.15416666666666667 0.28828125 0.15555555555555556 0.28203125 0.17083333333333334 0.28203125 0.18194444444444444
1 0.44921875 0.3194444444444444 0.45390625 0.275 0.45390625 0.2625 0.44921875 0.24722222222222223 0.44296875 0.2638888888888889 0.44140625 0.31805555555555554 0.44921875 0.3194444444444444
1 0.4609375 0.32222222222222224 0.4640625 0.3194444444444444 0.46796875 0.27361111111111114 0.4640625 0.24861111111111112 0.4609375 0.25 0.4578125 0.2638888888888889 0.4578125 0.32083333333333336 0.4609375 0.32222222222222224
1 0.47421875 0.31666666666666665 0.47734375 0.30972222222222223 0.47734375 0.2791666666666667 0.4796875 0.27361111111111114 0.47734375 0.25416666666666665 0.4734375 0.25416666666666665 0.4703125 0.2652777777777778 0.46953125 0.3138888888888889 0.47421875 0.31666666666666665
1 0.4890625 0.32083333333333336 0.49453125 0.26805555555555555 0.490625 0.24861111111111112 0.4875 0.24861111111111112 0.48203125 0.2625 0.484375 0.31527777777777777 0.4890625 0.32083333333333336
1 0.49921875 0.31527777777777777 0.50234375 0.31805555555555554 0.50546875 0.3111111111111111 0.50859375 0.26805555555555555 0.5046875 0.25 0.49921875 0.2625 0.49609375 0.2833333333333333 0.49921875 0.31527777777777777
1 0.54765625 0.30277777777777776 0.54921875 0.31666666666666665 0.553125 0.31805555555555554 0.55625 0.30277777777777776 0.5609375 0.2986111111111111 0.55859375 0.25555555555555554 0.5625 0.23333333333333334 0.55703125 0.21666666666666667 0.55234375 0.21666666666666667 0.54609375 0.22777777777777777 0.54453125 0.3 0.54765625 0.30277777777777776
1 0.87265625 0.3402777777777778 0.8859375 0.2708333333333333 0.8828125 0.25555555555555554 0.87265625 0.25277777777777777 0.86875 0.26944444444444443 0.8625 0.3375 0.87265625 0.3402777777777778
4 0.45390625 0.40555555555555556 0.45234375 0.44166666666666665 0.4296875 0.5013888888888889 0.43046875 0.5472222222222223 0.44609375 0.5736111111111111 0.47109375 0.5888888888888889 0.49453125 0.5888888888888889 0.51484375 0.5736111111111111 0.52578125 0.5569444444444445 0.52890625 0.5347222222222222 0.52890625 0.5013888888888889 0.5234375 0.4861111111111111 0.52109375 0.45555555555555555 0.52265625 0.42083333333333334 0.52587890625 0.4088541666666667 0.5287300257812501 0.4026796208333333 0.48876953125 0.4348958333333333 0.4501953125 0.3854166666666667 0.43603515625 0.3637152777777778 0.4384765625 0.3689236111111111 0.44091796875 0.3854166666666667 0.44921875 0.3993055555555556 0.45390625 0.40555555555555556
0 0.44453125 0.36944444444444446 0.44609375 0.38333333333333336 0.484375 0.425 0.5078125 0.4152777777777778 0.53125 0.3972222222222222 0.53046875 0.37916666666666665 0.52578125 0.3680555555555556 0.48046875 0.3194444444444444 0.4421875 0.3347222222222222 0.4390625 0.34444444444444444 0.43828125 0.35833333333333334 0.44453125 0.36944444444444446
2 0.8109375 0.3347222222222222 0.82734375 0.3333333333333333 0.83203125 0.31666666666666665 0.8390625 0.30694444444444446 0.83828125 0.29305555555555557 0.825 0.2791666666666667 0.80546875 0.26944444444444443 0.78828125 0.2777777777777778 0.76953125 0.26805555555555555 0.765625 0.2611111111111111 0.74765625 0.2972222222222222 0.74765625 0.3055555555555556 0.8109375 0.3347222222222222
3 0.665625 0.2263888888888889 0.6625 0.2847222222222222 0.671875 0.2861111111111111 0.678125 0.24444444444444444 0.675 0.21666666666666667 0.6828125 0.20555555555555555 0.68671875 0.17222222222222222 0.6859375 0.14305555555555555 0.67890625 0.12638888888888888 0.678125 0.10277777777777777 0.671875 0.10972222222222222 0.671875 0.12638888888888888 0.66640625 0.13472222222222222 0.6609375 0.16111111111111112 0.66015625 0.18611111111111112 0.665625 0.2263888888888889