3 0.22734375 0.3861111111111111 0.23125 0.45694444444444443 0.2359375 0.49166666666666664 0.24765625 0.4986111111111111 0.25 0.49444444444444446 0.24765625 0.48333333333333334 0.24921875 0.4305555555555556 0.24453125 0.4041666666666667 0.25390625 0.39166666666666666 0.25390625 0.3541666666666667 0.24921875 0.3013888888888889 0.2390625 0.28194444444444444 0.24140625 0.2611111111111111 0.23671875 0.24305555555555555 0.23125 0.24583333333333332 0.228125 0.2833333333333333 0.22265625 0.29305555555555557 0.21953125 0.35 0.22734375 0.3861111111111111
2 0.325 0.3902777777777778 0.41953125 0.375 0.43671875 0.3625 0.4453125 0.31666666666666665 0.44140625 0.30972222222222223 0.4359375 0.3125 0.4265625 0.30416666666666664 0.4171875 0.30416666666666664 0.38984375 0.30694444444444446 0.3734375 0.3277777777777778 0.33828125 0.325 0.33046875 0.3597222222222222 0.32265625 0.3763888888888889 0.321875 0.3888888888888889 0.325 0.3902777777777778
0 0.45 0.38333333333333336 0.46953125 0.4111111111111111 0.484375 0.4236111111111111 0.51640625 0.4111111111111111 0.53125 0.39444444444444443 0.5328125 0.38333333333333336 0.52734375 0.36944444444444446 0.48203125 0.3194444444444444 0.4484375 0.33194444444444443 0.440625 0.34305555555555556 0.4390625 0.35833333333333334 0.45 0.38333333333333336
4 0.4453125 0.5722222222222222 0.4765625 0.5902777777777778 0.49453125 0.5888888888888889 0.51171875 0.5763888888888888 0.52578125 0.5569444444444445 0.528125 0.5444444444444444 0.52890625 0.5027777777777778 0.521875 0.45555555555555555 0.5234375 0.4111111111111111 0.4734375 0.41388888888888886 0.44609375 0.3736111111111111 0.4453125 0.3861111111111111 0.453125 0.39444444444444443 0.45546875 0.40555555555555556 0.453125 0.44305555555555554 0.44453125 0.4597222222222222 0.44296875 0.4708333333333333 0.43203125 0.4888888888888889 0.4296875 0.5013888888888889 0.4296875 0.5416666666666666 0.4453125 0.5722222222222222
1 0.3 0.2513888888888889 0.3 0.16944444444444445 0.29375 0.15416666666666667 0.2890625 0.15416666666666667 0.2828125 0.17083333333333334 0.2890625 0.25 0.3 0.2513888888888889
1 0.365625 0.2375 0.371875 0.23055555555555557 0.3703125 0.18472222222222223 0.3640625 0.20972222222222223 0.3625 0.2361111111111111 0.365625 0.2375
1 0.3796875 0.22361111111111112 0.38203125 0.21944444444444444 0.38203125 0.18333333333333332 0.3796875 0.1736111111111111 0.375 0.17777777777777778 0.375 0.21944444444444444 0.3796875 0.22361111111111112
1 0.390625 0.2263888888888889 0.39453125 0.17777777777777778 0.3859375 0.16805555555555557 0.38359375 0.18055555555555555 0.390625 0.2263888888888889
1 0.4015625 0.23055555555555557 0.4078125 0.225 0.40625 0.1736111111111111 0.40390625 0.1638888888888889 0.39765625 0.17083333333333334 0.396875 0.22916666666666666 0.4015625 0.23055555555555557
1 0.521875 0.3625 0.52578125 0.3638888888888889 0.52890625 0.2861111111111111 0.525 0.2861111111111111 0.52109375 0.30833333333333335 0.521875 0.3625
1 0.52890625 0.31666666666666665 0.5328125 0.34444444444444444 0.53203125 0.36944444444444446 0.5375 0.37916666666666665 0.54296875 0.30694444444444446 0.53984375 0.2763888888888889 0.5359375 0.2777777777777778 0.52890625 0.3 0.52890625 0.31666666666666665
1 0.546875 0.3611111111111111 0.55234375 0.33055555555555555 0.55078125 0.2861111111111111 0.54609375 0.28888888888888886 0.54375 0.30277777777777776 0.54296875 0.3597222222222222 0.546875 0.3611111111111111
1 0.55546875 0.3541666666666667 0.55390625 0.36944444444444446 0.5578125 0.37083333333333335 0.56015625 0.3638888888888889 0.559375 0.33611111111111114 0.56484375 0.30694444444444446 0.5578125 0.2847222222222222 0.5515625 0.2986111111111111 0.55 0.31666666666666665 0.55546875 0.3541666666666667
1 0.59140625 0.3333333333333333 0.5890625 0.3611111111111111 0.60234375 0.3625 0.60859375 0.3 0.60390625 0.26805555555555555 0.59921875 0.26944444444444443 0.58984375 0.2986111111111111 0.58828125 0.3111111111111111 0.59140625 0.3333333333333333
1 0.8171875 0.20694444444444443 0.809375 0.22083333333333333 0.81015625 0.2569444444444444 0.8171875 0.20694444444444443
1 0.82578125 0.24861111111111112 0.828125 0.21805555555555556 0.821875 0.23194444444444445 0.8203125 0.2708333333333333 0.82578125 0.24861111111111112
1 0.83125 0.2763888888888889 0.83984375 0.2263888888888889 0.83828125 0.22361111111111112 0.83203125 0.2375 0.82890625 0.2763888888888889 0.83125 0.2763888888888889
1 0.84140625 0.30277777777777776 0.8421875 0.28194444444444444 0.84921875 0.25833333333333336 0.85078125 0.2375 0.8453125 0.24305555555555555 0.840625 0.26805555555555555 0.83828125 0.30277777777777776 0.84140625 0.30277777777777776
1 0.8625 0.3375 0.87265625 0.3416666666666667 0.88359375 0.29583333333333334 0.88515625 0.275 0.8828125 0.2569444444444444 0.8796875 0.25416666666666665 0.86875 0.26944444444444443 0.86796875 0.31666666666666665 0.8625 0.3375