3 0.23046875 0.42916666666666664 0.234375 0.4888888888888889 0.2390625 0.49583333333333335 0.24921875 0.49722222222222223 0.24921875 0.4305555555555556 0.24453125 0.4041666666666667 0.2546875 0.3902777777777778 0.25390625 0.3486111111111111 0.25 0.30277777777777776 0.2375 0.2777777777777778 0.240625 0.26666666666666666 0.2375 0.24444444444444444 0.23359375 0.24305555555555555 0.23046875 0.24861111111111112 0.23203125 0.2791666666666667 0.22265625 0.2916666666666667 0.21953125 0.3486111111111111 0.23046875 0.42916666666666664
2 0.32421875 0.39166666666666666 0.4203125 0.375 0.43828125 0.3625 0.43515625 0.3458333333333333 0.4453125 0.3375 0.446875 0.3194444444444444 0.4421875 0.30833333333333335 0.4359375 0.3111111111111111 0.428125 0.30416666666666664 0.4140625 0.30416666666666664 0.38984375 0.30694444444444446 0.37265625 0.3277777777777778 0.34375 0.3277777777777778 0.33828125 0.3236111111111111 0.321875 0.38055555555555554 0.32109375 0.3902777777777778 0.32421875 0.39166666666666666
1 0.5890625 0.3611111111111111 0.6015625 0.3625 0.60234375 0.33055555555555555 0.6078125 0.3013888888888889 0.603125 0.26805555555555555 0.6 0.26805555555555555 0.5921875 0.2861111111111111 0.58984375 0.3 0.59140625 0.33611111111111114 0.5890625 0.3611111111111111
1 0.30078125 0.2513888888888889 0.2984375 0.19305555555555556 0.3015625 0.175 0.29296875 0.1527777777777778 0.2890625 0.1527777777777778 0.2828125 0.16944444444444445 0.2890625 0.25 0.30078125 0.2513888888888889
1 0.8625 0.3388888888888889 0.87265625 0.3416666666666667 0.88515625 0.2763888888888889 0.88046875 0.25416666666666665 0.86953125 0.2638888888888889 0.86875 0.26944444444444443 0.86796875 0.30694444444444446 0.8625 0.3388888888888889
1 0.55390625 0.36944444444444446 0.55703125 0.37083333333333335 0.56015625 0.3625 0.5640625 0.30833333333333335 0.559375 0.2861111111111111 0.55625 0.2847222222222222 0.5515625 0.2972222222222222 0.55 0.31666666666666665 0.55390625 0.36944444444444446
1 0.534375 0.37916666666666665 0.53828125 0.37916666666666665 0.54375 0.30694444444444446 0.53671875 0.30277777777777776 0.53046875 0.30972222222222223 0.53203125 0.37083333333333335 0.534375 0.37916666666666665
1 0.54765625 0.3611111111111111 0.55390625 0.30694444444444446 0.55 0.2861111111111111 0.54609375 0.28888888888888886 0.54375 0.30277777777777776 0.54296875 0.3597222222222222 0.54765625 0.3611111111111111
1 0.36953125 0.23333333333333334 0.3734375 0.18194444444444444 0.36875 0.16805555555555557 0.36328125 0.17916666666666667 0.365625 0.23194444444444445 0.36953125 0.23333333333333334
1 0.35234375 0.23194444444444445 0.3578125 0.23055555555555557 0.36171875 0.19166666666666668 0.359375 0.1736111111111111 0.35703125 0.16944444444444445 0.35390625 0.17222222222222222 0.3515625 0.18472222222222223 0.35234375 0.23194444444444445
1 0.3796875 0.225 0.3828125 0.21944444444444444 0.38359375 0.18472222222222223 0.38046875 0.17083333333333334 0.37578125 0.1736111111111111 0.375 0.22083333333333333 0.3796875 0.225
1 0.390625 0.22916666666666666 0.39375 0.2263888888888889 0.39453125 0.1763888888888889 0.39140625 0.1638888888888889 0.384375 0.1736111111111111 0.38671875 0.21666666666666667 0.390625 0.22916666666666666
1 0.40390625 0.22777777777777777 0.40703125 0.22361111111111112 0.40625 0.1625 0.4015625 0.1625 0.39609375 0.1736111111111111 0.39609375 0.22083333333333333 0.40390625 0.22777777777777777
1 0.85 0.25277777777777777 0.84921875 0.2361111111111111 0.84296875 0.2569444444444444 0.84140625 0.2847222222222222 0.85 0.25277777777777777
1 0.83125 0.2763888888888889 0.83828125 0.22916666666666666 0.83203125 0.24305555555555555 0.828125 0.2763888888888889 0.83125 0.2763888888888889
1 0.81875 0.20694444444444443 0.815625 0.20555555555555555 0.809375 0.22083333333333333 0.81015625 0.25277777777777777 0.81875 0.20694444444444443
1 0.82578125 0.24722222222222223 0.8265625 0.2263888888888889 0.82421875 0.22361111111111112 0.821875 0.23055555555555557 0.8203125 0.26944444444444443 0.82578125 0.24722222222222223
0 0.471875 0.30694444444444446 0.5171875 0.3111111111111111 0.53984375 0.3 0.5421875 0.29305555555555557 0.53984375 0.2652777777777778 0.5328125 0.24722222222222223 0.4640625 0.25 0.46328125 0.2861111111111111 0.471875 0.30694444444444446
4 0.46640625 0.4625 0.49765625 0.4736111111111111 0.51640625 0.46944444444444444 0.53125 0.45555555555555555 0.53828125 0.43194444444444446 0.53828125 0.4111111111111111 0.53359375 0.3763888888888889 0.52734375 0.35555555555555557 0.5234375 0.3541666666666667 0.521484375 0.3229166666666667 0.533203125 0.3168402777777778 0.53076171875 0.3090277777777778 0.5166015625 0.3125 0.4970703125 0.3151041666666667 0.47216796875 0.3081597222222222 0.4677734375 0.3142361111111111 0.46826171875 0.3289930555555556 0.4619140625 0.3559027777777778 0.45859375 0.37916666666666665 0.45234375 0.39305555555555555 0.4515625 0.44027777777777777 0.46640625 0.4625