1 0.21953125 0.39861111111111114 0.2203125 0.4263888888888889 0.22734375 0.44166666666666665 0.22890625 0.46944444444444444 0.24140625 0.46805555555555556 0.23984375 0.375 0.228125 0.3472222222222222 0.2234375 0.3486111111111111 0.21953125 0.36527777777777776 0.21484375 0.36944444444444446 0.21484375 0.3902777777777778 0.21953125 0.39861111111111114
1 0.37578125 0.4847222222222222 0.3734375 0.5111111111111111 0.38203125 0.5180555555555556 0.3828125 0.5333333333333333 0.38828125 0.5333333333333333 0.3921875 0.5138888888888888 0.3984375 0.5111111111111111 0.39296875 0.46111111111111114 0.396875 0.4486111111111111 0.396875 0.43333333333333335 0.38828125 0.4041666666666667 0.38203125 0.4041666666666667 0.37265625 0.4361111111111111 0.371875 0.4666666666666667 0.37578125 0.4847222222222222
1 0.51015625 0.30972222222222223 0.51640625 0.30972222222222223 0.5234375 0.31805555555555554 0.52578125 0.2763888888888889 0.53359375 0.24027777777777778 0.5328125 0.2222222222222222 0.52578125 0.20833333333333334 0.521875 0.20833333333333334 0.5203125 0.21666666666666667 0.51484375 0.22083333333333333 0.51171875 0.24583333333333332 0.51484375 0.2916666666666667 0.51015625 0.30972222222222223
1 0.5515625 0.275 0.55703125 0.2777777777777778 0.565625 0.23194444444444445 0.5625 0.2125 0.55859375 0.21388888888888888 0.5546875 0.22777777777777777 0.55546875 0.24583333333333332 0.5515625 0.275
1 0.5671875 0.2847222222222222 0.5703125 0.2847222222222222 0.578125 0.225 0.5734375 0.2152777777777778 0.5671875 0.22916666666666666 0.56640625 0.2777777777777778 0.5671875 0.2847222222222222
1 0.58125 0.2861111111111111 0.58828125 0.2388888888888889 0.58515625 0.21944444444444444 0.58046875 0.2222222222222222 0.578125 0.24861111111111112 0.57734375 0.275 0.58125 0.2861111111111111
1 0.5953125 0.2875 0.60234375 0.2375 0.596875 0.21944444444444444 0.590625 0.22777777777777777 0.58984375 0.2847222222222222 0.5953125 0.2875
1 0.60859375 0.2847222222222222 0.61484375 0.24583333333333332 0.6125 0.2222222222222222 0.6046875 0.24166666666666667 0.6015625 0.2847222222222222 0.60859375 0.2847222222222222
1 0.65 0.34305555555555556 0.6546875 0.3458333333333333 0.6609375 0.3125 0.66484375 0.2652777777777778 0.66015625 0.26666666666666666 0.653125 0.29583333333333334 0.65390625 0.31527777777777777 0.65 0.34305555555555556
1 0.6609375 0.35555555555555557 0.66640625 0.35694444444444445 0.67734375 0.3 0.675 0.2625 0.6703125 0.2652777777777778 0.6609375 0.30277777777777776 0.66015625 0.3486111111111111 0.6609375 0.35555555555555557
1 0.67890625 0.3486111111111111 0.68671875 0.28888888888888886 0.68515625 0.2791666666666667 0.68046875 0.28194444444444444 0.67421875 0.31666666666666665 0.67265625 0.3458333333333333 0.67890625 0.3486111111111111
1 0.6875 0.3625 0.690625 0.33194444444444443 0.69765625 0.30972222222222223 0.69375 0.2833333333333333 0.68984375 0.2861111111111111 0.684375 0.30694444444444446 0.68359375 0.3611111111111111 0.6875 0.3625
1 0.78125 0.44166666666666665 0.77578125 0.45416666666666666 0.771875 0.48194444444444445 0.78359375 0.4861111111111111 0.78671875 0.47638888888888886 0.7828125 0.4708333333333333 0.7875 0.4638888888888889 0.796875 0.41944444444444445 0.79375 0.38472222222222224 0.7890625 0.3861111111111111 0.78046875 0.4027777777777778 0.77734375 0.4166666666666667 0.778125 0.43472222222222223 0.78125 0.44166666666666665
1 0.85703125 0.5597222222222222 0.85859375 0.5666666666666667 0.86328125 0.5652777777777778 0.8625 0.5555555555555556 0.8703125 0.5319444444444444 0.8765625 0.4847222222222222 0.87265625 0.4861111111111111 0.86171875 0.5097222222222222 0.8625 0.5333333333333333 0.85703125 0.5597222222222222
1 0.8796875 0.5708333333333333 0.89453125 0.49583333333333335 0.89140625 0.49583333333333335 0.88125 0.5180555555555556 0.87578125 0.5708333333333333 0.8796875 0.5708333333333333
1 0.90390625 0.5319444444444444 0.90859375 0.5 0.903125 0.5027777777777778 0.8953125 0.5222222222222223 0.890625 0.5763888888888888 0.90390625 0.5319444444444444
1 0.9078125 0.5833333333333334 0.92421875 0.5083333333333333 0.9203125 0.5097222222222222 0.91015625 0.5444444444444444 0.90546875 0.575 0.9078125 0.5833333333333334
3 0.3890625 0.19166666666666668 0.39296875 0.27361111111111114 0.40390625 0.27361111111111114 0.403125 0.2569444444444444 0.41171875 0.19166666666666668 0.4109375 0.14305555555555555 0.4078125 0.12083333333333333 0.4 0.10694444444444444 0.40078125 0.09027777777777778 0.396875 0.08055555555555556 0.3921875 0.08611111111111111 0.39296875 0.1 0.3828125 0.1361111111111111 0.3828125 0.17222222222222222 0.3890625 0.19166666666666668
2 0.240625 0.22361111111111112 0.2515625 0.21805555555555556 0.271875 0.23194444444444445 0.28046875 0.23055555555555557 0.31875 0.2513888888888889 0.334375 0.25416666666666665 0.34453125 0.2513888888888889 0.34296875 0.24722222222222223 0.34921875 0.23333333333333334 0.3484375 0.20833333333333334 0.3328125 0.19444444444444445 0.30390625 0.18472222222222223 0.28515625 0.19444444444444445 0.25390625 0.17916666666666667 0.23984375 0.2152777777777778 0.240625 0.22361111111111112
0 0.759375 0.1763888888888889 0.765625 0.17083333333333334 0.76484375 0.1361111111111111 0.73828125 0.12638888888888888 0.73359375 0.14027777777777778 0.7328125 0.1625 0.759375 0.1763888888888889
4 0.72265625 0.28055555555555556 0.7453125 0.29444444444444445 0.76796875 0.2916666666666667 0.77265625 0.2722222222222222 0.76953125 0.225 0.778125 0.175 0.76875 0.16111111111111112 0.765625 0.17222222222222222 0.75859375 0.17777777777777778 0.74765625 0.16805555555555557 0.7328125 0.16527777777777777 0.72734375 0.2048611111111111 0.7140625 0.24305555555555555 0.7140625 0.2638888888888889 0.72265625 0.28055555555555556