1 0.2171875 0.39444444444444443 0.2203125 0.42777777777777776 0.22890625 0.43472222222222223 0.240625 0.41944444444444445 0.24453125 0.3958333333333333 0.24140625 0.39305555555555555 0.240625 0.3763888888888889 0.23203125 0.3625 0.228125 0.3472222222222222 0.2234375 0.3486111111111111 0.215625 0.3680555555555556 0.21328125 0.38333333333333336 0.2171875 0.39444444444444443
1 0.25703125 0.30972222222222223 0.26328125 0.3194444444444444 0.2640625 0.32916666666666666 0.26875 0.33055555555555555 0.26875 0.3194444444444444 0.275 0.3111111111111111 0.26953125 0.27361111111111114 0.27109375 0.24583333333333332 0.26640625 0.23055555555555557 0.26171875 0.2263888888888889 0.2546875 0.24444444444444444 0.25390625 0.2791666666666667 0.25703125 0.30972222222222223
1 0.3 0.25 0.2984375 0.2013888888888889 0.3015625 0.175 0.29296875 0.1527777777777778 0.28984375 0.1527777777777778 0.2828125 0.16805555555555557 0.2890625 0.2513888888888889 0.3 0.25
1 0.35390625 0.23194444444444445 0.35859375 0.22361111111111112 0.3609375 0.18055555555555555 0.35546875 0.16944444444444445 0.35234375 0.18194444444444444 0.3515625 0.23055555555555557 0.35390625 0.23194444444444445
1 0.36953125 0.23333333333333334 0.37265625 0.18055555555555555 0.36953125 0.17083333333333334 0.36640625 0.17083333333333334 0.36328125 0.18194444444444444 0.365625 0.23194444444444445 0.36953125 0.23333333333333334
1 0.3796875 0.22916666666666666 0.3828125 0.21666666666666667 0.38359375 0.18333333333333332 0.3796875 0.16944444444444445 0.375 0.175 0.375 0.22083333333333333 0.3796875 0.22916666666666666
1 0.39140625 0.22777777777777777 0.39453125 0.1763888888888889 0.39140625 0.1638888888888889 0.384375 0.1736111111111111 0.3859375 0.20694444444444443 0.39140625 0.22777777777777777
1 0.40390625 0.22777777777777777 0.40703125 0.22361111111111112 0.40546875 0.1638888888888889 0.40078125 0.1625 0.39609375 0.17916666666666667 0.396875 0.2263888888888889 0.40390625 0.22777777777777777
1 0.81796875 0.34305555555555556 0.8234375 0.32222222222222224 0.82890625 0.2763888888888889 0.8203125 0.29305555555555557 0.8125 0.3458333333333333 0.81796875 0.34305555555555556
1 0.81953125 0.3625 0.82734375 0.36527777777777776 0.8265625 0.35 0.83203125 0.3402777777777778 0.8375 0.3138888888888889 0.83828125 0.2777777777777778 0.83515625 0.2777777777777778 0.828125 0.29444444444444445 0.82421875 0.31805555555555554 0.825 0.33055555555555555 0.81953125 0.3625
1 0.83828125 0.3458333333333333 0.8453125 0.31527777777777777 0.84453125 0.29583333333333334 0.840625 0.2986111111111111 0.83359375 0.32916666666666666 0.83359375 0.3458333333333333 0.83828125 0.3458333333333333
1 0.84296875 0.3736111111111111 0.853125 0.3236111111111111 0.85234375 0.30277777777777776 0.8484375 0.30277777777777776 0.84140625 0.33055555555555555 0.8390625 0.375 0.84296875 0.3736111111111111
1 0.90078125 0.4444444444444444 0.90859375 0.45555555555555555 0.925 0.3875 0.9234375 0.36527777777777776 0.91875 0.3638888888888889 0.90625 0.39305555555555555 0.90703125 0.41388888888888886 0.90078125 0.4444444444444444
1 0.9484375 0.5 0.94921875 0.5083333333333333 0.9671875 0.44166666666666665 0.9609375 0.4444444444444444 0.9546875 0.45555555555555555 0.95546875 0.46805555555555556 0.9484375 0.5
1 0.97890625 0.4597222222222222 0.97109375 0.4666666666666667 0.9625 0.5125 0.96328125 0.5222222222222223 0.97890625 0.4597222222222222
1 0.98984375 0.4722222222222222 0.9875 0.46944444444444444 0.98203125 0.4777777777777778 0.978125 0.49027777777777776 0.97265625 0.5347222222222222 0.98984375 0.4722222222222222
1 0.99453125 0.5180555555555556 0.99921875 0.4875 0.98828125 0.5111111111111111 0.98046875 0.5611111111111111 0.99453125 0.5180555555555556
3 0.909375 0.23194444444444445 0.91171875 0.2388888888888889 0.9171875 0.23472222222222222 0.921875 0.20833333333333334 0.928125 0.20277777777777778 0.9265625 0.18611111111111112 0.93125 0.15694444444444444 0.92890625 0.12222222222222222 0.9171875 0.1388888888888889 0.91328125 0.1638888888888889 0.91328125 0.2013888888888889 0.909375 0.23194444444444445
4 0.3015625 0.6208333333333333 0.3125 0.6430555555555556 0.32421875 0.6541666666666667 0.3515625 0.6611111111111111 0.3890625 0.6430555555555556 0.40390625 0.6166666666666667 0.4046875 0.5875 0.40234375 0.5555555555555556 0.3890625 0.5166666666666667 0.390625 0.5111111111111111 0.38671875 0.49444444444444446 0.38046875 0.4875 0.3875 0.4583333333333333 0.31875 0.4666666666666667 0.31875 0.47638888888888886 0.3328125 0.48333333333333334 0.3328125 0.5013888888888889 0.3203125 0.5111111111111111 0.3171875 0.5333333333333333 0.30234375 0.5527777777777778 0.2984375 0.5694444444444444 0.29765625 0.5930555555555556 0.3015625 0.6208333333333333
0 0.3171875 0.4736111111111111 0.32265625 0.4625 0.38984375 0.45555555555555555 0.39375 0.44583333333333336 0.38671875 0.3888888888888889 0.38125 0.3736111111111111 0.29609375 0.39166666666666666 0.3015625 0.4597222222222222 0.3171875 0.4736111111111111
2 0.1671875 0.6180555555555556 0.2625 0.5541666666666667 0.28671875 0.5291666666666667 0.28984375 0.5208333333333334 0.2859375 0.5180555555555556 0.2828125 0.5055555555555555 0.29375 0.49166666666666664 0.29609375 0.4736111111111111 0.28984375 0.45694444444444443 0.28046875 0.4652777777777778 0.26640625 0.46111111111111114 0.24921875 0.47638888888888886 0.23359375 0.48194444444444445 0.21796875 0.5125 0.18671875 0.5319444444444444 0.175 0.5291666666666667 0.17421875 0.5333333333333333 0.16484375 0.6041666666666666 0.1671875 0.6180555555555556