0 0.02890625 0.6722222222222223 0.10625 0.6847222222222222 0.11015625 0.6833333333333333 0.115625 0.6680555555555555 0.12265625 0.6333333333333333 0.125 0.6013888888888889 0.121875 0.5847222222222223 0.1171875 0.5805555555555556 0.03984375 0.5791666666666667 0.03671875 0.5819444444444445 0.0234375 0.6319444444444444 0.0234375 0.6527777777777778 0.02890625 0.6722222222222223
2 0.16484375 0.6027777777777777 0.1671875 0.6180555555555556 0.2625 0.5541666666666667 0.28515625 0.5305555555555556 0.28984375 0.5208333333333334 0.2859375 0.5180555555555556 0.2828125 0.5055555555555555 0.29453125 0.49027777777777776 0.2953125 0.4666666666666667 0.28984375 0.45694444444444443 0.28046875 0.4652777777777778 0.26640625 0.46111111111111114 0.24921875 0.47638888888888886 0.23359375 0.48194444444444445 0.2171875 0.5138888888888888 0.18671875 0.5319444444444444 0.175 0.5291666666666667 0.1734375 0.5388888888888889 0.171875 0.5694444444444444 0.16484375 0.6027777777777777
1 0.21953125 0.3972222222222222 0.2203125 0.42777777777777776 0.228125 0.43472222222222223 0.240625 0.42083333333333334 0.240625 0.37916666666666665 0.228125 0.3472222222222222 0.225 0.3472222222222222 0.21484375 0.36944444444444446 0.2140625 0.38472222222222224 0.21953125 0.3972222222222222
1 0.25703125 0.30972222222222223 0.26328125 0.3194444444444444 0.2640625 0.32916666666666666 0.26875 0.33055555555555555 0.26875 0.3194444444444444 0.275 0.3111111111111111 0.26953125 0.2722222222222222 0.27109375 0.24583333333333332 0.26328125 0.2263888888888889 0.259375 0.22777777777777777 0.2546875 0.24305555555555555 0.253125 0.2611111111111111 0.25703125 0.30972222222222223
1 0.29140625 0.2388888888888889 0.28984375 0.2513888888888889 0.3 0.25 0.29765625 0.20972222222222223 0.30078125 0.1736111111111111 0.29296875 0.1527777777777778 0.28984375 0.1527777777777778 0.2828125 0.17083333333333334 0.28203125 0.18194444444444444 0.29140625 0.2388888888888889
1 0.35859375 0.2263888888888889 0.3609375 0.1986111111111111 0.35859375 0.17222222222222222 0.3546875 0.17083333333333334 0.35234375 0.18055555555555555 0.35234375 0.23333333333333334 0.35859375 0.2263888888888889
1 0.36953125 0.23472222222222222 0.37265625 0.17916666666666667 0.36640625 0.17083333333333334 0.36328125 0.18055555555555555 0.365625 0.23194444444444445 0.36953125 0.23472222222222222
1 0.3796875 0.23055555555555557 0.3828125 0.21944444444444444 0.38359375 0.18472222222222223 0.3796875 0.16944444444444445 0.37578125 0.17222222222222222 0.375 0.22083333333333333 0.3796875 0.23055555555555557
1 0.39140625 0.22916666666666666 0.39375 0.225 0.39453125 0.1763888888888889 0.39140625 0.1638888888888889 0.384375 0.1736111111111111 0.3875 0.21944444444444444 0.39140625 0.22916666666666666
1 0.40390625 0.2222222222222222 0.4078125 0.21666666666666667 0.40703125 0.1736111111111111 0.4046875 0.1638888888888889 0.40078125 0.1638888888888889 0.396875 0.17222222222222222 0.39609375 0.21944444444444444 0.40390625 0.2222222222222222
1 0.825 0.3138888888888889 0.828125 0.2763888888888889 0.82109375 0.28888888888888886 0.8171875 0.3125 0.8140625 0.3458333333333333 0.825 0.3138888888888889
1 0.82734375 0.36527777777777776 0.8265625 0.35555555555555557 0.83671875 0.31666666666666665 0.83828125 0.2777777777777778 0.83515625 0.2777777777777778 0.82734375 0.29444444444444445 0.82109375 0.3486111111111111 0.8203125 0.3625 0.82734375 0.36527777777777776
1 0.84296875 0.3736111111111111 0.853125 0.3236111111111111 0.85234375 0.30277777777777776 0.8484375 0.30277777777777776 0.84140625 0.3263888888888889 0.83984375 0.375 0.84296875 0.3736111111111111
1 0.834375 0.3611111111111111 0.84140625 0.34305555555555556 0.846875 0.30416666666666664 0.84453125 0.29583333333333334 0.840625 0.2972222222222222 0.83125 0.3347222222222222 0.8296875 0.35694444444444445 0.834375 0.3611111111111111
3 0.91171875 0.2388888888888889 0.91640625 0.2361111111111111 0.921875 0.20833333333333334 0.928125 0.20277777777777778 0.9265625 0.18611111111111112 0.93125 0.15833333333333333 0.928125 0.12222222222222222 0.9171875 0.1388888888888889 0.91328125 0.1638888888888889 0.909375 0.23194444444444445 0.91171875 0.2388888888888889
1 0.89921875 0.44583333333333336 0.90234375 0.44583333333333336 0.9078125 0.4583333333333333 0.91171875 0.4527777777777778 0.9234375 0.39861111111111114 0.92578125 0.38333333333333336 0.9234375 0.3638888888888889 0.91953125 0.3625 0.91171875 0.3736111111111111 0.90546875 0.3958333333333333 0.90625 0.4125 0.89921875 0.44583333333333336
1 0.9484375 0.4986111111111111 0.94921875 0.5083333333333333 0.96015625 0.47638888888888886 0.96640625 0.4388888888888889 0.9546875 0.45555555555555555 0.95546875 0.46944444444444444 0.9484375 0.4986111111111111
1 0.96328125 0.5236111111111111 0.97890625 0.4597222222222222 0.971875 0.4638888888888889 0.96796875 0.47638888888888886 0.96171875 0.5152777777777777 0.96328125 0.5236111111111111
1 0.97265625 0.5361111111111111 0.98984375 0.46944444444444444 0.97890625 0.4875 0.97109375 0.5291666666666667 0.97265625 0.5361111111111111
1 0.98046875 0.5694444444444444 0.99140625 0.5305555555555556 0.99921875 0.5 0.99921875 0.4875 0.98828125 0.5111111111111111 0.97734375 0.5708333333333333 0.98046875 0.5694444444444444
4 0.106640625 0.6875 0.04296875 0.6791666666666667 0.04375 0.6888888888888889 0.053125 0.7055555555555556 0.06875 0.7194444444444444 0.07265625 0.7402777777777778 0.0625 0.7708333333333334 0.06015625 0.8 0.06875 0.8138888888888889 0.1640625 0.8472222222222222 0.17109375 0.8152777777777778 0.17109375 0.7916666666666666 0.16171875 0.7472222222222222 0.134375 0.7013888888888888 0.128125 0.675 0.13125 0.6333333333333333 0.12578125 0.6180555555555556 0.11640625 0.6722222222222223 0.106640625 0.6875