3 0.22578125 0.3763888888888889 0.234375 0.4888888888888889 0.23828125 0.49583333333333335 0.24921875 0.49722222222222223 0.25 0.425 0.24453125 0.4013888888888889 0.2546875 0.3902777777777778 0.2546875 0.3541666666666667 0.25 0.30416666666666664 0.23828125 0.2777777777777778 0.24140625 0.25833333333333336 0.2375 0.24305555555555555 0.23046875 0.24722222222222223 0.228125 0.28194444444444444 0.22265625 0.2916666666666667 0.2203125 0.3111111111111111 0.21953125 0.3541666666666667 0.22578125 0.3763888888888889
0 0.51875 0.46805555555555556 0.5328125 0.45416666666666666 0.53828125 0.43472222222222223 0.53828125 0.4125 0.53359375 0.38333333333333336 0.52578125 0.35833333333333334 0.50546875 0.3472222222222222 0.5015625 0.3277777777777778 0.50625 0.3138888888888889 0.52011088671875 0.30797490972222225 0.51875 0.3055555555555556 0.47578125 0.3055555555555556 0.4828125 0.3125 0.48203125 0.3263888888888889 0.4859375 0.3375 0.48203125 0.34444444444444444 0.46796875 0.35138888888888886 0.4625 0.3611111111111111 0.453125 0.39166666666666666 0.4515625 0.4097222222222222 0.453125 0.4486111111111111 0.47578125 0.46944444444444444 0.50390625 0.4736111111111111 0.51875 0.46805555555555556
1 0.3 0.2513888888888889 0.2984375 0.21944444444444444 0.3015625 0.175 0.2921875 0.1527777777777778 0.2828125 0.17083333333333334 0.2890625 0.2513888888888889 0.3 0.2513888888888889
1 0.35234375 0.23194444444444445 0.3578125 0.22916666666666666 0.3609375 0.1986111111111111 0.3609375 0.17916666666666667 0.35703125 0.16944444444444445 0.35390625 0.17222222222222222 0.3515625 0.18333333333333332 0.35234375 0.23194444444444445
1 0.365625 0.23194444444444445 0.36953125 0.23333333333333334 0.3734375 0.18194444444444444 0.36953125 0.16944444444444445 0.3640625 0.17777777777777778 0.3625 0.19444444444444445 0.365625 0.23194444444444445
1 0.3796875 0.22916666666666666 0.3828125 0.21944444444444444 0.38359375 0.18472222222222223 0.38046875 0.16944444444444445 0.375 0.1763888888888889 0.375 0.22083333333333333 0.3796875 0.22916666666666666
1 0.39140625 0.22916666666666666 0.39375 0.22777777777777777 0.39453125 0.1763888888888889 0.390625 0.1638888888888889 0.384375 0.1736111111111111 0.3875 0.2222222222222222 0.39140625 0.22916666666666666
1 0.40234375 0.2263888888888889 0.40703125 0.2263888888888889 0.40546875 0.1638888888888889 0.40078125 0.1638888888888889 0.396875 0.175 0.39921875 0.21944444444444444 0.40234375 0.2263888888888889
2 0.41953125 0.375 0.4375 0.3625 0.4328125 0.3458333333333333 0.44453125 0.33611111111111114 0.44609375 0.31666666666666665 0.4421875 0.30972222222222223 0.4359375 0.3125 0.4265625 0.30416666666666664 0.41640625 0.30416666666666664 0.38984375 0.30694444444444446 0.37421875 0.3277777777777778 0.3375 0.325 0.32265625 0.37777777777777777 0.321875 0.3902777777777778 0.41953125 0.375
0 0.47109375 0.29444444444444445 0.471875 0.30694444444444446 0.5296875 0.30416666666666664 0.54140625 0.29444444444444445 0.540625 0.26805555555555555 0.53203125 0.24722222222222223 0.46328125 0.2513888888888889 0.46328125 0.2791666666666667 0.47109375 0.29444444444444445
1 0.5375 0.37916666666666665 0.53984375 0.3763888888888889 0.5375 0.36944444444444446 0.54375 0.30694444444444446 0.54140625 0.30277777777777776 0.53125 0.30694444444444446 0.5328125 0.37083333333333335 0.5375 0.37916666666666665
1 0.52578125 0.35833333333333334 0.52890625 0.3138888888888889 0.52265625 0.31666666666666665 0.52265625 0.35138888888888886 0.52578125 0.35833333333333334
1 0.546875 0.3597222222222222 0.55234375 0.30833333333333335 0.55 0.2875 0.546875 0.28888888888888886 0.54375 0.30277777777777776 0.54296875 0.35833333333333334 0.546875 0.3597222222222222
1 0.55703125 0.37222222222222223 0.56015625 0.3625 0.55859375 0.35694444444444445 0.5640625 0.30972222222222223 0.5578125 0.2847222222222222 0.5515625 0.3013888888888889 0.55390625 0.36944444444444446 0.55703125 0.37222222222222223
1 0.5890625 0.3611111111111111 0.60234375 0.3625 0.60859375 0.3 0.60390625 0.26805555555555555 0.59921875 0.26944444444444443 0.58984375 0.2986111111111111 0.59140625 0.3333333333333333 0.5890625 0.3611111111111111
1 0.81796875 0.20694444444444443 0.809375 0.21944444444444444 0.81015625 0.25277777777777777 0.81796875 0.20694444444444443
1 0.82578125 0.24861111111111112 0.8265625 0.2263888888888889 0.821875 0.23194444444444445 0.81953125 0.2708333333333333 0.82578125 0.24861111111111112
1 0.83046875 0.2777777777777778 0.83828125 0.2375 0.83828125 0.22777777777777777 0.834375 0.2263888888888889 0.828125 0.2708333333333333 0.83046875 0.2777777777777778
1 0.84140625 0.29583333333333334 0.8515625 0.2375 0.84609375 0.24027777777777778 0.8421875 0.25972222222222224 0.83828125 0.2861111111111111 0.84140625 0.29583333333333334
1 0.87265625 0.3416666666666667 0.88515625 0.2833333333333333 0.8828125 0.25555555555555554 0.87109375 0.2625 0.86875 0.26944444444444443 0.86328125 0.3375 0.87265625 0.3416666666666667