1 0.00703125 0.4513888888888889 0.0109375 0.4527777777777778 0.01328125 0.4444444444444444 0.009375 0.41944444444444445 0.0015625 0.4027777777777778 0 0.43333333333333335 0.00703125 0.4513888888888889
1 0.0203125 0.4375 0.02265625 0.4486111111111111 0.02734375 0.44722222222222224 0.01875 0.40694444444444444 0.01171875 0.3972222222222222 0.00703125 0.4 0.009375 0.42083333333333334 0.0203125 0.4375
1 0.0359375 0.44305555555555554 0.03828125 0.4305555555555556 0.03046875 0.4013888888888889 0.0265625 0.3958333333333333 0.0203125 0.3972222222222222 0.0234375 0.42083333333333334 0.0359375 0.44305555555555554
1 0.04609375 0.43472222222222223 0.05 0.4361111111111111 0.04375 0.4 0.0328125 0.39166666666666666 0.03203125 0.4027777777777778 0.04609375 0.43472222222222223
1 0.04296875 0.39444444444444443 0.05 0.42777777777777776 0.05703125 0.4361111111111111 0.06875 0.43194444444444446 0.053125 0.37916666666666665 0.0390625 0.38333333333333336 0.0359375 0.3861111111111111 0.04296875 0.39444444444444443
2 0.02578125 0.3527777777777778 0.028125 0.35694444444444445 0.1078125 0.3541666666666667 0.12890625 0.33194444444444443 0.1234375 0.31666666666666665 0.10859375 0.3138888888888889 0.07421875 0.3138888888888889 0.06640625 0.3236111111111111 0.0328125 0.32083333333333336 0.03125 0.325 0.03125 0.3416666666666667 0.02578125 0.3527777777777778
0 0.26796875 0.2638888888888889 0.296875 0.2652777777777778 0.30625 0.24027777777777778 0.27109375 0.23333333333333334 0.25859375 0.25 0.259375 0.25972222222222224 0.26796875 0.2638888888888889
4 0.27265625 0.30833333333333335 0.2703125 0.32916666666666666 0.275 0.34305555555555556 0.29609375 0.3472222222222222 0.30859375 0.3416666666666667 0.31796875 0.33055555555555555 0.3171875 0.30694444444444446 0.3078125 0.2833333333333333 0.303125 0.2569444444444444 0.29921875 0.25416666666666665 0.2890625 0.26666666666666666 0.2703125 0.2625 0.26796875 0.2638888888888889 0.27265625 0.30833333333333335
1 0.29765625 0.1527777777777778 0.3 0.15 0.29765625 0.11944444444444445 0.29140625 0.10972222222222222 0.2875 0.1111111111111111 0.28671875 0.12222222222222222 0.29765625 0.1527777777777778
1 0.32421875 0.14583333333333334 0.32734375 0.14444444444444443 0.325 0.1125 0.3171875 0.10416666666666667 0.31640625 0.11944444444444445 0.32421875 0.14583333333333334
1 0.35815625 0.11936111111111111 0.019046874999999998 0.04427777777777777
3 0.47890625 0.10555555555555556 0.48359375 0.11527777777777778 0.48828125 0.08472222222222223 0.48828125 0.05 0.48359375 0.03194444444444444 0.48046875 0.0375 0.478125 0.05 0.47890625 0.10555555555555556
1 0.5427265625000001 0.13455555555555554 0.026851562499999915 0.03993055555555555
1 0.5758515625 0.20819444444444446 0.011023437499999922 0.07262500000000001
1 0.6293515625 0.23079166666666664 0.013343749999999942 0.0662361111111111