2 0.16796875 0.6180555555555556 0.259375 0.5555555555555556 0.2859375 0.5291666666666667 0.28984375 0.5208333333333334 0.28203125 0.5055555555555555 0.2953125 0.4888888888888889 0.29609375 0.46805555555555556 0.28984375 0.45694444444444443 0.2828125 0.4652777777777778 0.26640625 0.46111111111111114 0.24609375 0.4791666666666667 0.2328125 0.48194444444444445 0.228125 0.49722222222222223 0.2140625 0.5180555555555556 0.1859375 0.5319444444444444 0.175 0.5291666666666667 0.17421875 0.5347222222222222 0.16484375 0.6055555555555555 0.16796875 0.6180555555555556
0 0.228125 0.7111111111111111 0.24609375 0.6986111111111111 0.31328125 0.6319444444444444 0.31484375 0.6166666666666667 0.30625 0.5902777777777778 0.271875 0.5486111111111112 0.26328125 0.5611111111111111 0.25 0.5666666666666667 0.18671875 0.6277777777777778 0.18828125 0.6430555555555556 0.228125 0.7111111111111111
4 0.2203125 0.8277777777777777 0.2265625 0.85 0.2375 0.8666666666666667 0.28984375 0.8805555555555555 0.3078125 0.8805555555555555 0.3171875 0.8722222222222222 0.334375 0.8444444444444444 0.340625 0.8125 0.33515625 0.7541666666666667 0.31640625 0.7013888888888888 0.3171875 0.6333333333333333 0.29375 0.65 0.27265625 0.6763888888888889 0.2375 0.7083333333333334 0.2265625 0.7319444444444444 0.215625 0.7763888888888889 0.215625 0.8027777777777778 0.2203125 0.8277777777777777
1 0.2640625 0.33055555555555555 0.26953125 0.33055555555555555 0.27109375 0.31527777777777777 0.275 0.3111111111111111 0.26875 0.26666666666666666 0.271875 0.24722222222222223 0.2625 0.2263888888888889 0.25390625 0.24166666666666667 0.25703125 0.3125 0.2640625 0.33055555555555555
1 0.21953125 0.4013888888888889 0.2203125 0.42777777777777776 0.22734375 0.43472222222222223 0.240625 0.42083333333333334 0.24140625 0.3819444444444444 0.2375 0.3680555555555556 0.23203125 0.3625 0.2296875 0.3486111111111111 0.22421875 0.3472222222222222 0.2140625 0.36944444444444446 0.21328125 0.38333333333333336 0.21953125 0.4013888888888889
1 0.29296875 0.24861111111111112 0.3 0.25 0.2984375 0.20555555555555555 0.3015625 0.1736111111111111 0.29296875 0.1527777777777778 0.2890625 0.15416666666666667 0.2828125 0.17083333333333334 0.28984375 0.24166666666666667 0.29296875 0.24861111111111112
1 0.36953125 0.23333333333333334 0.37265625 0.18194444444444444 0.36953125 0.17083333333333334 0.36640625 0.17083333333333334 0.36328125 0.18055555555555555 0.365625 0.23194444444444445 0.36953125 0.23333333333333334
1 0.3578125 0.23055555555555557 0.36171875 0.19166666666666668 0.35859375 0.17222222222222222 0.3546875 0.17083333333333334 0.35234375 0.18194444444444444 0.35234375 0.23333333333333334 0.3578125 0.23055555555555557
1 0.38046875 0.2222222222222222 0.38359375 0.18472222222222223 0.38046875 0.17083333333333334 0.37578125 0.17222222222222222 0.375 0.22083333333333333 0.38046875 0.2222222222222222
1 0.39296875 0.22916666666666666 0.39453125 0.17777777777777778 0.39140625 0.1638888888888889 0.384375 0.1736111111111111 0.3875 0.2222222222222222 0.39296875 0.22916666666666666
1 0.4046875 0.2152777777777778 0.40625 0.16944444444444445 0.4046875 0.1638888888888889 0.40078125 0.16527777777777777 0.39609375 0.1875 0.4046875 0.2152777777777778
1 0.98828125 0.46944444444444444 0.98125 0.4791666666666667 0.9734375 0.5194444444444445 0.9734375 0.5347222222222222 0.98828125 0.46944444444444444
1 0.97890625 0.4597222222222222 0.97421875 0.46111111111111114 0.96796875 0.4777777777777778 0.9625 0.5222222222222223 0.97890625 0.4597222222222222
1 0.96015625 0.47638888888888886 0.96640625 0.44027777777777777 0.95546875 0.4527777777777778 0.94921875 0.5083333333333333 0.96015625 0.47638888888888886
1 0.98046875 0.5694444444444444 0.98984375 0.5361111111111111 0.99921875 0.4986111111111111 0.99921875 0.4875 0.99375 0.49444444444444446 0.9859375 0.5222222222222223 0.97734375 0.5708333333333333 0.98046875 0.5694444444444444
1 0.9 0.44583333333333336 0.909375 0.45555555555555555 0.9265625 0.3875 0.9234375 0.3638888888888889 0.9203125 0.3625 0.91171875 0.3736111111111111 0.90625 0.39444444444444443 0.90859375 0.4083333333333333 0.9 0.44583333333333336
1 0.82734375 0.36527777777777776 0.82578125 0.3597222222222222 0.8375 0.3138888888888889 0.83828125 0.2777777777777778 0.834375 0.2791666666666667 0.83203125 0.2916666666666667 0.8265625 0.28888888888888886 0.82265625 0.32083333333333336 0.81953125 0.3625 0.82734375 0.36527777777777776
1 0.84296875 0.3736111111111111 0.84375 0.35833333333333334 0.84921875 0.3416666666666667 0.853125 0.3194444444444444 0.85234375 0.30277777777777776 0.8484375 0.30277777777777776 0.84140625 0.3277777777777778 0.8390625 0.375 0.84296875 0.3736111111111111
1 0.834375 0.3597222222222222 0.840625 0.3458333333333333 0.8453125 0.2972222222222222 0.84140625 0.2972222222222222 0.834375 0.325 0.83125 0.35555555555555557 0.834375 0.3597222222222222
1 0.8171875 0.3458333333333333 0.8203125 0.32916666666666666 0.8234375 0.3277777777777778 0.8296875 0.28888888888888886 0.82890625 0.275 0.82109375 0.28888888888888886 0.8171875 0.30972222222222223 0.8125 0.3458333333333333 0.8171875 0.3458333333333333
3 0.91171875 0.2388888888888889 0.91640625 0.2361111111111111 0.9234375 0.20416666666666666 0.928125 0.20277777777777778 0.92578125 0.1875 0.93125 0.15694444444444444 0.92890625 0.12222222222222222 0.925 0.12222222222222222 0.9171875 0.1388888888888889 0.91328125 0.1638888888888889 0.909375 0.23194444444444445 0.91171875 0.2388888888888889