3 0.21953125 0.35694444444444445 0.22890625 0.40555555555555556 0.234375 0.49027777777777776 0.2375 0.49583333333333335 0.24921875 0.49722222222222223 0.24921875 0.4236111111111111 0.2453125 0.40555555555555556 0.2546875 0.3902777777777778 0.2546875 0.3541666666666667 0.2484375 0.2972222222222222 0.2375 0.28194444444444444 0.24140625 0.2652777777777778 0.2375 0.24305555555555555 0.23046875 0.24722222222222223 0.2265625 0.2833333333333333 0.22265625 0.2916666666666667 0.21953125 0.31527777777777777 0.21953125 0.35694444444444445
2 0.325 0.3902777777777778 0.421875 0.3736111111111111 0.4375 0.3625 0.43515625 0.34444444444444444 0.44453125 0.33611111111111114 0.44609375 0.31666666666666665 0.4421875 0.30972222222222223 0.43359375 0.3125 0.4296875 0.3055555555555556 0.41640625 0.30416666666666664 0.38984375 0.30694444444444446 0.3734375 0.3277777777777778 0.33828125 0.325 0.32265625 0.37777777777777777 0.321875 0.3902777777777778 0.325 0.3902777777777778
0 0.471875 0.30694444444444446 0.51015625 0.30972222222222223 0.53984375 0.3 0.5421875 0.29305555555555557 0.53984375 0.2652777777777778 0.53046875 0.24722222222222223 0.4640625 0.25 0.46328125 0.28055555555555556 0.471875 0.30694444444444446
4 0.45390625 0.4486111111111111 0.47890625 0.4708333333333333 0.51328125 0.4708333333333333 0.5328125 0.45416666666666666 0.53828125 0.43333333333333335 0.53828125 0.4111111111111111 0.53359375 0.3819444444444444 0.525 0.35694444444444445 0.50546875 0.3472222222222222 0.503125 0.3277777777777778 0.50703125 0.3138888888888889 0.51640625 0.31527777777777777 0.52734375 0.3055555555555556 0.471875 0.30972222222222223 0.46328125 0.2777777777777778 0.4625 0.28888888888888886 0.4671875 0.30972222222222223 0.46640625 0.3541666666666667 0.453125 0.3902777777777778 0.4515625 0.4111111111111111 0.45078125 0.4375 0.45390625 0.4486111111111111
1 0.30078125 0.2513888888888889 0.2984375 0.19305555555555556 0.3015625 0.175 0.29296875 0.1527777777777778 0.2890625 0.15416666666666667 0.2828125 0.17083333333333334 0.2890625 0.25 0.30078125 0.2513888888888889
1 0.35546875 0.23194444444444445 0.35859375 0.225 0.36171875 0.18333333333333332 0.35625 0.16944444444444445 0.35234375 0.18055555555555555 0.3515625 0.23055555555555557 0.35546875 0.23194444444444445
1 0.365625 0.23194444444444445 0.36953125 0.23333333333333334 0.37265625 0.17916666666666667 0.36953125 0.17083333333333334 0.3640625 0.17916666666666667 0.3625 0.19444444444444445 0.365625 0.23194444444444445
1 0.38046875 0.2222222222222222 0.38359375 0.18194444444444444 0.3796875 0.16944444444444445 0.3765625 0.17083333333333334 0.37578125 0.21944444444444444 0.38046875 0.2222222222222222
1 0.390625 0.22916666666666666 0.39375 0.2263888888888889 0.39453125 0.1763888888888889 0.39140625 0.1638888888888889 0.384375 0.1736111111111111 0.38359375 0.18472222222222223 0.390625 0.22916666666666666
1 0.40390625 0.21944444444444444 0.40625 0.21944444444444444 0.40546875 0.16527777777777777 0.39921875 0.1736111111111111 0.39765625 0.19166666666666668 0.40390625 0.21944444444444444
1 0.5296875 0.3138888888888889 0.52265625 0.31805555555555554 0.52578125 0.35833333333333334 0.5296875 0.3138888888888889
1 0.5375 0.37916666666666665 0.53984375 0.3763888888888889 0.53828125 0.35555555555555557 0.54375 0.30694444444444446 0.53671875 0.30277777777777776 0.53046875 0.30972222222222223 0.53203125 0.36944444444444446 0.5375 0.37916666666666665
1 0.546875 0.3611111111111111 0.55 0.3527777777777778 0.55390625 0.30694444444444446 0.55 0.2861111111111111 0.54609375 0.28888888888888886 0.54375 0.3013888888888889 0.54296875 0.35833333333333334 0.546875 0.3611111111111111
1 0.55703125 0.3736111111111111 0.5640625 0.30833333333333335 0.5578125 0.2847222222222222 0.5515625 0.3013888888888889 0.55390625 0.36944444444444446 0.55703125 0.3736111111111111
1 0.5890625 0.3625 0.5984375 0.35833333333333334 0.6015625 0.3625 0.60859375 0.3 0.60390625 0.26805555555555555 0.59921875 0.26944444444444443 0.58984375 0.2972222222222222 0.5921875 0.31527777777777777 0.5890625 0.3625
1 0.8625 0.5652777777777778 0.865625 0.5736111111111111 0.8765625 0.5333333333333333 0.8828125 0.49166666666666664 0.8796875 0.49166666666666664 0.86796875 0.5138888888888888 0.86796875 0.5444444444444444 0.8625 0.5652777777777778
1 0.88515625 0.5791666666666667 0.88515625 0.5666666666666667 0.89375 0.5430555555555555 0.90078125 0.5055555555555555 0.896875 0.5055555555555555 0.8875 0.5263888888888889 0.88203125 0.5805555555555556 0.88515625 0.5791666666666667
1 0.91171875 0.5111111111111111 0.90234375 0.5319444444444444 0.8969201960937501 0.5747972138888889 0.90546875 0.5583333333333333 0.915625 0.5111111111111111 0.91171875 0.5111111111111111
1 0.9140625 0.5944444444444444 0.9234375 0.5611111111111111 0.92890625 0.5222222222222223 0.91640625 0.5569444444444445 0.9109375 0.5958333333333333 0.9140625 0.5944444444444444
1 0.9765625 0.6319444444444444 0.9875 0.6375 0.9921875 0.6125 0.99921875 0.5986111111111111 0.99921875 0.5347222222222222 0.99453125 0.5347222222222222 0.99453125 0.5513888888888889 0.990625 0.5555555555555556 0.984375 0.5847222222222223 0.984375 0.6027777777777777 0.9765625 0.6319444444444444