1 0.178125 0.37777777777777777 0.1890625 0.3861111111111111 0.19140625 0.36944444444444446 0.18046875 0.3263888888888889 0.17578125 0.3194444444444444 0.16640625 0.325 0.16484375 0.3333333333333333 0.178125 0.37777777777777777
1 0.22734375 0.3194444444444444 0.23828125 0.35138888888888886 0.24609375 0.35 0.23828125 0.29305555555555557 0.23359375 0.2847222222222222 0.225 0.2875 0.2234375 0.30277777777777776 0.22734375 0.3194444444444444
1 0.30703125 0.16111111111111112 0.303125 0.11944444444444445 0.28984375 0.11388888888888889 0.2859375 0.11805555555555555 0.2890625 0.16111111111111112 0.30703125 0.16111111111111112
1 0.33565625 0.13856944444444444 0.009328125000000043 0.05344444444444443
4 0.309375 0.15694444444444444 0.30703125 0.17777777777777778 0.30703125 0.19027777777777777 0.309375 0.1986111111111111 0.315625 0.20416666666666666 0.32109375 0.20416666666666666 0.321875 0.20277777777777778 0.32890625 0.20277777777777778 0.33828125 0.19722222222222222 0.34140625 0.19166666666666668 0.3421875 0.18333333333333332 0.334375 0.1625 0.328125 0.1625 0.3265625 0.1597222222222222 0.3265625 0.15138888888888888 0.328125 0.15 0.32734375 0.14583333333333334 0.328125 0.1361111111111111 0.32421875 0.13194444444444445 0.321875 0.13472222222222222 0.31953125 0.13472222222222222 0.31796875 0.1375 0.3140625 0.1375 0.31015625 0.13333333333333333 0.30703125 0.1361111111111111 0.30625 0.14305555555555555 0.309375 0.15694444444444444
0 0.30703125 0.12777777777777777 0.3078125 0.12916666666666668 0.3078125 0.13333333333333333 0.31015625 0.14027777777777778 0.31953125 0.13472222222222222 0.3203125 0.1361111111111111 0.32265625 0.1361111111111111 0.3234375 0.13472222222222222 0.32734375 0.13472222222222222 0.32890625 0.13333333333333333 0.32890625 0.12777777777777777 0.328125 0.125 0.3265625 0.12222222222222222 0.32578125 0.11805555555555555 0.32265625 0.11388888888888889 0.31171875 0.11527777777777778 0.3109375 0.11666666666666667 0.30859375 0.11666666666666667 0.30703125 0.11805555555555555 0.30703125 0.12777777777777777
0 0.375 0.17916666666666667 0.375 0.18333333333333332 0.3765625 0.19027777777777777 0.37890625 0.19583333333333333 0.3875 0.19444444444444445 0.390625 0.19166666666666668 0.4046875 0.19027777777777777 0.40546875 0.18888888888888888 0.40859375 0.18888888888888888 0.4109375 0.18472222222222223 0.4109375 0.17777777777777778 0.41015625 0.175 0.40703125 0.16805555555555557 0.4046875 0.16666666666666666 0.39140625 0.16805555555555557 0.390625 0.16944444444444445 0.38359375 0.17083333333333334 0.38125 0.1736111111111111 0.37578125 0.1736111111111111 0.375 0.175 0.37421875 0.17777777777777778 0.375 0.17916666666666667
4 0.38203125 0.23194444444444445 0.37734375 0.24861111111111112 0.37734375 0.25555555555555554 0.37890625 0.2638888888888889 0.38203125 0.26944444444444443 0.38828125 0.27361111111111114 0.40390625 0.27361111111111114 0.41015625 0.2708333333333333 0.41796875 0.2611111111111111 0.41796875 0.24444444444444444 0.409375 0.20902777777777778 0.4078125 0.1875 0.40546875 0.19027777777777777 0.3796875 0.19583333333333333 0.37890625 0.1986111111111111 0.38203125 0.22083333333333333 0.38203125 0.23194444444444445
3 0.37109375 0.08611111111111111 0.37265625 0.11527777777777778 0.378125 0.15 0.38046875 0.15555555555555556 0.384375 0.15694444444444444 0.3859375 0.15416666666666667 0.384375 0.14722222222222223 0.384375 0.14027777777777778 0.3875 0.12361111111111112 0.38515625 0.11527777777777778 0.384375 0.10138888888888889 0.38125 0.08333333333333333 0.37734375 0.07916666666666666 0.3765625 0.07083333333333333 0.37265625 0.07083333333333333 0.37265625 0.08194444444444444 0.37109375 0.08611111111111111
1 0.45859375 0.18611111111111112 0.4609375 0.19444444444444445 0.4609375 0.20555555555555555 0.4625 0.2111111111111111 0.4625 0.21805555555555556 0.46484375 0.2222222222222222 0.4671875 0.22361111111111112 0.4671875 0.21944444444444444 0.46796875 0.21805555555555556 0.46953125 0.20972222222222223 0.46953125 0.20555555555555555 0.4703125 0.20416666666666666 0.47109375 0.18194444444444444 0.46953125 0.175 0.46640625 0.17083333333333334 0.46328125 0.17083333333333334 0.459375 0.17777777777777778 0.45859375 0.18055555555555555 0.45859375 0.18611111111111112
2 0.615625 0.30694444444444446 0.6296875 0.3277777777777778 0.63359375 0.34444444444444444 0.63984375 0.3527777777777778 0.64375 0.3472222222222222 0.65078125 0.35555555555555557 0.65546875 0.3527777777777778 0.65703125 0.3402777777777778 0.64765625 0.3138888888888889 0.6359375 0.29305555555555557 0.6265625 0.2902777777777778 0.615625 0.2652777777777778 0.6125 0.26944444444444443 0.60625 0.2833333333333333 0.615625 0.30694444444444446