1 0.371875 0.425 0.37109375 0.4666666666666667 0.375 0.4777777777777778 0.3734375 0.5125 0.3796875 0.5152777777777777 0.38125 0.5319444444444444 0.38671875 0.5347222222222222 0.39921875 0.5111111111111111 0.39453125 0.46805555555555556 0.39765625 0.43333333333333335 0.39296875 0.4097222222222222 0.3875 0.4027777777777778 0.371875 0.4097222222222222 0.36953125 0.41388888888888886 0.371875 0.425
1 0.2203125 0.40694444444444444 0.2203125 0.42777777777777776 0.22734375 0.44166666666666665 0.22890625 0.46944444444444444 0.24140625 0.46805555555555556 0.24140625 0.38055555555555554 0.22890625 0.3472222222222222 0.225 0.3472222222222222 0.21953125 0.36666666666666664 0.21484375 0.37083333333333335 0.21484375 0.3875 0.2203125 0.40694444444444444
2 0.31328125 0.24583333333333332 0.31875 0.2513888888888889 0.3484375 0.24861111111111112 0.34765625 0.20833333333333334 0.3328125 0.19444444444444445 0.30390625 0.18472222222222223 0.28359375 0.19444444444444445 0.2546875 0.17916666666666667 0.240625 0.21388888888888888 0.240625 0.22361111111111112 0.31328125 0.24583333333333332
3 0.3890625 0.19305555555555556 0.39296875 0.275 0.40390625 0.27361111111111114 0.40625 0.2152777777777778 0.403125 0.20416666666666666 0.40546875 0.19166666666666668 0.41171875 0.19166666666666668 0.41171875 0.1527777777777778 0.4078125 0.11944444444444445 0.3984375 0.10277777777777777 0.40078125 0.09027777777777778 0.396875 0.08055555555555556 0.3921875 0.08611111111111111 0.390625 0.1111111111111111 0.38671875 0.11666666666666667 0.38203125 0.14166666666666666 0.38203125 0.17222222222222222 0.3890625 0.19305555555555556
1 0.5109375 0.3111111111111111 0.5234375 0.31805555555555554 0.5265625 0.3013888888888889 0.52578125 0.2763888888888889 0.53359375 0.24166666666666667 0.5328125 0.22361111111111112 0.5265625 0.20833333333333334 0.52265625 0.20833333333333334 0.51953125 0.21944444444444444 0.51484375 0.2222222222222222 0.51171875 0.24722222222222223 0.515625 0.2777777777777778 0.5109375 0.3111111111111111
1 0.578125 0.2847222222222222 0.58125 0.2861111111111111 0.58828125 0.2361111111111111 0.58359375 0.21944444444444444 0.58046875 0.22083333333333333 0.57734375 0.25416666666666665 0.5765625 0.2722222222222222 0.578125 0.2847222222222222
1 0.5953125 0.2875 0.60234375 0.2361111111111111 0.59765625 0.21944444444444444 0.590625 0.22777777777777777 0.58984375 0.2861111111111111 0.5953125 0.2875
1 0.6 0.2861111111111111 0.61171875 0.2861111111111111 0.615625 0.24444444444444444 0.6140625 0.22361111111111112 0.61015625 0.22361111111111112 0.603125 0.24444444444444444 0.60390625 0.2722222222222222 0.6 0.2861111111111111
1 0.5703125 0.2833333333333333 0.57734375 0.24166666666666667 0.57578125 0.21666666666666667 0.5734375 0.2152777777777778 0.5671875 0.22916666666666666 0.56640625 0.2791666666666667 0.5703125 0.2833333333333333
1 0.5578125 0.27361111111111114 0.565625 0.23194444444444445 0.5609375 0.2111111111111111 0.5546875 0.2263888888888889 0.55234375 0.2777777777777778 0.5578125 0.27361111111111114
1 0.66171875 0.34444444444444444 0.66484375 0.35 0.66640625 0.3388888888888889 0.671875 0.33055555555555555 0.6765625 0.30277777777777776 0.675 0.2625 0.6703125 0.2652777777777778 0.6625 0.29583333333333334 0.6640625 0.3375 0.66171875 0.34444444444444444
1 0.67890625 0.3486111111111111 0.68515625 0.2791666666666667 0.68046875 0.28055555555555556 0.6734375 0.31666666666666665 0.67265625 0.3458333333333333 0.67890625 0.3486111111111111
1 0.6875 0.3625 0.68984375 0.33611111111111114 0.6984375 0.30694444444444446 0.69296875 0.28194444444444444 0.684375 0.3055555555555556 0.68359375 0.3611111111111111 0.6875 0.3625
1 0.65 0.34305555555555556 0.6546875 0.3458333333333333 0.6625 0.28194444444444444 0.66640625 0.275 0.66484375 0.2638888888888889 0.66015625 0.2652777777777778 0.65546875 0.2777777777777778 0.65234375 0.3 0.65390625 0.31527777777777777 0.65 0.34305555555555556
1 0.771875 0.48194444444444445 0.77578125 0.4791666666666667 0.78359375 0.4861111111111111 0.79765625 0.4125 0.79296875 0.38333333333333336 0.78046875 0.4027777777777778 0.77734375 0.4166666666666667 0.7796875 0.4388888888888889 0.771875 0.48194444444444445
1 0.8625 0.5652777777777778 0.8765625 0.4847222222222222 0.87265625 0.4861111111111111 0.8625 0.5083333333333333 0.8578125 0.5652777777777778 0.8625 0.5652777777777778
1 0.8796875 0.5694444444444444 0.89453125 0.49583333333333335 0.89140625 0.49583333333333335 0.88125 0.5180555555555556 0.8765625 0.5708333333333333 0.8796875 0.5694444444444444
1 0.9015625 0.5388888888888889 0.90859375 0.5013888888888889 0.9046875 0.5013888888888889 0.89609375 0.5208333333333334 0.88984375 0.575 0.9015625 0.5388888888888889
1 0.9078125 0.5833333333333334 0.925 0.5083333333333333 0.92109375 0.5083333333333333 0.91015625 0.5444444444444444 0.90546875 0.5763888888888888 0.9078125 0.5833333333333334
4 0.72890625 0.2861111111111111 0.75234375 0.29583333333333334 0.76875 0.2902777777777778 0.77265625 0.275 0.7703125 0.23194444444444445 0.778125 0.17777777777777778 0.77578125 0.16805555555555557 0.76484375 0.15138888888888888 0.75703125 0.1625 0.73515625 0.15694444444444444 0.7296875 0.17777777777777778 0.72734375 0.2111111111111111 0.71484375 0.24305555555555555 0.71484375 0.2652777777777778 0.72890625 0.2861111111111111
0 0.74609375 0.1736111111111111 0.7640625 0.175 0.7671875 0.16111111111111112 0.7640625 0.13472222222222222 0.74453125 0.12638888888888888 0.73828125 0.12638888888888888 0.734375 0.13472222222222222 0.734375 0.1638888888888889 0.74609375 0.1736111111111111