3 0.6400825545171339 0.2500415224913495 0.6329781931464175 0.2717456747404844 0.6369735202492212 0.283583044982699 0.6365295950155763 0.2983823529411765 0.6351978193146418 0.3245242214532872 0.6351978193146418 0.3378425605536332 0.646297507788162 0.34474913494809684 0.6516246105919004 0.31564532871972323 0.6622803738317757 0.3097266435986159 0.6649439252336449 0.29788754325259514 0.6596168224299065 0.2959152249134948 0.661392523364486 0.28555709342560553 0.6640560747663552 0.2490553633217993 0.6578411214953271 0.23820242214532875 0.6591728971962617 0.23425778546712805 0.6631682242990654 0.2204446366782007 0.6542881619937695 0.2204446366782007 0.6498489096573208 0.22883044982698963 0.648739875389408 0.2392871972318339 0.6400825545171339 0.2500415224913495
1 0.621880062305296 0.39012975778546716 0.6143317757009346 0.4172595155709342 0.6072289719626168 0.4503079584775087 0.6116682242990654 0.45474740484429066 0.6196604361370717 0.4286038062283737 0.6116682242990654 0.4636262975778547 0.6178831775700935 0.4675726643598616 0.6232118380062305 0.44192214532871976 0.621436137071651 0.46264013840830454 0.6236557632398754 0.46264013840830454 0.6298707165109034 0.4468546712802768 0.6240996884735203 0.4670795847750865 0.6254314641744548 0.4794100346020761 0.6289828660436138 0.4705311418685121 0.6387507788161993 0.4384688581314879 0.6396386292834891 0.41331314878892733 0.6356417445482866 0.4192318339100346 0.6360856697819315 0.40838062283737026 0.6329781931464175 0.40788754325259513 0.631202492211838 0.4147923875432526 0.6285389408099689 0.4142993079584775 0.6289828660436138 0.4049273356401384 0.6325342679127726 0.39604844290657437 0.6276510903426791 0.39400346020761245 0.621880062305296 0.39012975778546716
1 0.613 0.4004878892733564 0.6081168224299065 0.42219204152249135 0.6183271028037384 0.39950173010380624 0.6236557632398754 0.3738512110726644 0.6280950155763241 0.3615190311418685 0.6193271028037384 0.35948442906574396 0.6169953271028037 0.371878892733564 0.613 0.4004878892733564
1 0.5809968847352025 0.2975778546712803 0.5841121495327103 0.3027681660899654 0.5794392523364486 0.33217993079584773 0.5809968847352025 0.3408304498269896 0.5778816199376947 0.3408304498269896 0.5763239875389408 0.3373702422145329 0.5778816199376947 0.33391003460207613 0.5763239875389408 0.33217993079584773 0.5778816199376947 0.328719723183391 0.5763239875389408 0.3096885813148789 0.5794392523364486 0.29930795847750863
1 0.5607476635514018 0.33217993079584773 0.559190031152648 0.3044982698961938 0.5623052959501558 0.2975778546712803 0.5669781931464174 0.29411764705882354 0.5654205607476636 0.32006920415224915 0.5607476635514018 0.33391003460207613 0.5623052959501558 0.3373702422145329 0.5607476635514018 0.3373702422145329 0.5607476635514018 0.33391003460207613
1 0.5498442367601246 0.2958477508650519 0.5529595015576324 0.2958477508650519 0.5498442367601246 0.3373702422145329 0.5467289719626168 0.3356401384083045 0.5482866043613707 0.31833910034602075 0.5451713395638629 0.31314878892733566 0.5451713395638629 0.3044982698961938 0.5498442367601246 0.2975778546712803
1 0.5358255451713395 0.29238754325259514 0.5342679127725857 0.32006920415224915 0.5311526479750779 0.328719723183391 0.5327102803738317 0.3373702422145329 0.5295950155763239 0.3373702422145329 0.5280373831775701 0.3304498269896194 0.5295950155763239 0.328719723183391 0.5295950155763239 0.314878892733564 0.5264797507788161 0.3096885813148789 0.5264797507788161 0.3044982698961938 0.5280373831775701 0.29930795847750863 0.5311526479750779 0.2975778546712803 0.5311526479750779 0.29411764705882354 0.5342679127725857 0.29238754325259514
1 0.49065420560747663 0.32006920415224915 0.48909657320872274 0.3166089965397924 0.49065420560747663 0.31314878892733566 0.48909657320872274 0.2906574394463668 0.49221183800623053 0.27854671280276816 0.4937694704049844 0.2768166089965398 0.4968847352024922 0.27854671280276816 0.4968847352024922 0.29411764705882354 0.49221183800623053 0.3079584775086505 0.49221183800623053 0.31833910034602075
1 0.4797507788161994 0.32006920415224915 0.4797507788161994 0.30103806228373703 0.4766355140186916 0.29238754325259514 0.4797507788161994 0.2889273356401384 0.4797507788161994 0.27854671280276816 0.48286604361370716 0.27335640138408307 0.48598130841121495 0.2750865051903114 0.48598130841121495 0.29411764705882354 0.48286604361370716 0.3079584775086505 0.48286604361370716 0.32006920415224915 0.48130841121495327 0.32006920415224915
1 0.4657320872274143 0.27162629757785467 0.46261682242990654 0.3166089965397924 0.45794392523364486 0.3166089965397924 0.46105919003115264 0.3096885813148789 0.46105919003115264 0.3027681660899654 0.45794392523364486 0.29411764705882354 0.45794392523364486 0.2820069204152249 0.46417445482866043 0.27335640138408307
1 0.4735202492211838 0.2750865051903114 0.4766355140186916 0.2750865051903114 0.4781931464174455 0.27854671280276816 0.4781931464174455 0.29238754325259514 0.4735202492211838 0.30103806228373703 0.4735202492211838 0.3062283737024221 0.4719626168224299 0.2958477508650519 0.4735202492211838 0.2768166089965398
1 0.4143302180685358 0.29238754325259514 0.4158878504672897 0.2820069204152249 0.4127725856697819 0.2750865051903114 0.4127725856697819 0.2681660899653979 0.4205607476635514 0.2577854671280277 0.4252336448598131 0.2577854671280277 0.43146417445482865 0.27162629757785467 0.42834890965732086 0.29930795847750863 0.4252336448598131 0.2975778546712803 0.4205607476635514 0.30103806228373703 0.4158878504672897 0.29411764705882354
1 0.3909657320872274 0.34256055363321797 0.3894080996884735 0.3408304498269896 0.3894080996884735 0.3166089965397924 0.3878504672897196 0.314878892733564 0.3894080996884735 0.30103806228373703 0.397196261682243 0.2975778546712803 0.3987538940809969 0.3062283737024221 0.3987538940809969 0.3356401384083045 0.3956386292834891 0.3408304498269896 0.3925233644859813 0.3408304498269896
1 0.38006230529595014 0.2975778546712803 0.3847352024922118 0.3044982698961938 0.3847352024922118 0.3235294117647059 0.38161993769470404 0.34256055363321797 0.37850467289719625 0.3408304498269896 0.37383177570093457 0.31314878892733566 0.37383177570093457 0.3027681660899654 0.37850467289719625 0.2975778546712803
1 0.367601246105919 0.29930795847750863 0.3707165109034268 0.3027681660899654 0.3691588785046729 0.34429065743944637 0.3644859813084112 0.34256055363321797 0.3629283489096573 0.3356401384083045 0.3629283489096573 0.30103806228373703 0.3660436137071651 0.29930795847750863
1 0.35514018691588783 0.2975778546712803 0.3582554517133956 0.29930795847750863 0.3598130841121495 0.3044982698961938 0.3598130841121495 0.3217993079584775 0.35669781931464173 0.3304498269896194 0.3582554517133956 0.33217993079584773 0.35669781931464173 0.34429065743944637 0.35358255451713394 0.34429065743944637 0.35202492211838005 0.3235294117647059 0.34890965732087226 0.314878892733564 0.35046728971962615 0.3044982698961938 0.35358255451713394 0.29930795847750863
1 0.3411214953271028 0.2975778546712803 0.34735202492211836 0.3062283737024221 0.3426791277258567 0.3373702422145329 0.3442367601246106 0.3408304498269896 0.338006230529595 0.34256055363321797 0.3364485981308411 0.3044982698961938 0.3395638629283489 0.29930795847750863
1 0.3146417445482866 0.30103806228373703 0.31931464174454827 0.31314878892733566 0.3177570093457944 0.34256055363321797 0.3161993769470405 0.34429065743944637 0.31931464174454827 0.3685121107266436 0.3177570093457944 0.370242214532872 0.3130841121495327 0.3685121107266436 0.3099688473520249 0.3719723183391003 0.3068535825545171 0.3719723183391003 0.308411214953271 0.36505190311418684 0.3068535825545171 0.3633217993079585 0.3068535825545171 0.35121107266435986 0.3052959501557632 0.34429065743944637 0.29906542056074764 0.33391003460207613 0.29906542056074764 0.314878892733564 0.29750778816199375 0.31314878892733566 0.3037383177570093 0.29930795847750863 0.3130841121495327 0.30103806228373703