2 0.6526479750778816 0.7352941176470589 0.6900311526479751 0.7422145328719724 0.7071651090342679 0.7370242214532872 0.7570093457943925 0.7508650519031141 0.7725856697819314 0.7474048442906575 0.7819314641744548 0.7318339100346021 0.7928348909657321 0.726643598615917 0.794392523364486 0.7162629757785467 0.7679127725856698 0.7024221453287197 0.7242990654205608 0.698961937716263 0.6993769470404985 0.7093425605536332 0.6635514018691588 0.698961937716263 0.6386292834890965 0.7301038062283737 0.6370716510903427 0.7387543252595156 0.6526479750778816 0.7352941176470589
1 0.8722741433021807 0.7785467128027682 0.8847352024922118 0.759515570934256 0.8940809968847352 0.7179930795847751 0.8909657320872274 0.7024221453287197 0.8753894080996885 0.7058823529411765 0.8660436137071651 0.740484429065744 0.8629283489096573 0.7647058823529411 0.8722741433021807 0.7785467128027682
1 0.5545171339563862 0.889273356401384 0.5669781931464174 0.8373702422145328 0.5529595015576324 0.8079584775086506 0.5342679127725857 0.828719723183391 0.5404984423676013 0.8944636678200693 0.5545171339563862 0.889273356401384
1 0.4174454828660436 0.7318339100346021 0.4252336448598131 0.7076124567474048 0.4252336448598131 0.6747404844290658 0.4205607476635514 0.6747404844290658 0.4143302180685358 0.6885813148788927 0.4174454828660436 0.7318339100346021
1 0.4392523364485981 0.671280276816609 0.43457943925233644 0.6730103806228374 0.43302180685358255 0.6955017301038062 0.43866455140186916 0.7064699359861591 0.4423676012461059 0.6955017301038062 0.4392523364485981 0.671280276816609
1 0.4517133956386293 0.6972318339100346 0.4501557632398754 0.6643598615916955 0.4454828660436137 0.6695501730103807 0.4439252336448598 0.7214532871972318 0.4517133956386293 0.6972318339100346
1 0.46417445482866043 0.6920415224913494 0.46261682242990654 0.6626297577854672 0.45794392523364486 0.6678200692041523 0.45482866043613707 0.7145328719723183 0.46417445482866043 0.6920415224913494
1 0.5171339563862928 0.6678200692041523 0.5249221183800623 0.6678200692041523 0.5295950155763239 0.6228373702422145 0.5202492211838006 0.6072664359861591 0.514018691588785 0.6332179930795848 0.5171339563862928 0.6678200692041523
1 0.5747663551401869 0.5536332179930796 0.5700934579439252 0.5415224913494809 0.5685358255451713 0.5726643598615917 0.5747663551401869 0.5536332179930796
1 0.5887850467289719 0.5397923875432526 0.5841121495327103 0.5432525951557093 0.5841121495327103 0.5726643598615917 0.5887850467289719 0.5397923875432526
1 0.5996884735202492 0.5536332179930796 0.5965732087227414 0.5363321799307958 0.5950155763239875 0.5692041522491349 0.5996884735202492 0.5536332179930796
1 0.6152647975077882 0.5346020761245674 0.6105919003115264 0.5380622837370242 0.6090342679127726 0.5692041522491349 0.6152647975077882 0.5346020761245674
1 0.660436137071651 0.5692041522491349 0.6713395638629284 0.513840830449827 0.661993769470405 0.5086505190311419 0.6526479750778816 0.5242214532871973 0.6542056074766355 0.5657439446366782 0.660436137071651 0.5692041522491349
1 0.5981308411214953 0.8027681660899654 0.6074766355140186 0.754325259515571 0.6012461059190031 0.7370242214532872 0.5919003115264797 0.7508650519031141 0.5903426791277259 0.7750865051903114 0.5981308411214953 0.8027681660899654
1 0.5700934579439252 0.7768166089965398 0.5825545171339563 0.7681660899653979 0.5778816199376947 0.7370242214532872 0.5700934579439252 0.7422145328719724 0.5654205607476636 0.7577854671280276 0.5700934579439252 0.7768166089965398
1 0.5903426791277259 0.740484429065744 0.5825545171339563 0.7474048442906575 0.5872274143302181 0.7958477508650519 0.5903426791277259 0.740484429065744
1 0.5638629283489096 0.7768166089965398 0.5654205607476636 0.7491349480968859 0.557632398753894 0.7508650519031141 0.5560747663551402 0.7802768166089965 0.5638629283489096 0.7768166089965398
3 0.8115264797507789 0.5882352941176471 0.8317757009345794 0.5207612456747405 0.8271028037383178 0.4757785467128028 0.8208722741433022 0.47750865051903113 0.8037383177570093 0.527681660899654 0.8021806853582555 0.5882352941176471 0.8115264797507789 0.5882352941176471