2 0.2897196261682243 0.8217993079584776 0.31931464174454827 0.8235294117647058 0.3317757009345794 0.8096885813148789 0.32398753894080995 0.7941176470588235 0.24454828660436137 0.7698961937716263 0.21651090342679127 0.773356401384083 0.16978193146417445 0.7577854671280276 0.1588785046728972 0.7785467128027682 0.16043613707165108 0.78719723183391 0.2897196261682243 0.8217993079584776
1 0.3956386292834891 0.8494809688581315 0.40186915887850466 0.8737024221453287 0.4205607476635514 0.8875432525951558 0.43146417445482865 0.8754325259515571 0.4236760124610592 0.828719723183391 0.411214953271028 0.8131487889273357 0.40186915887850466 0.8131487889273357 0.3894080996884735 0.8166089965397924 0.3956386292834891 0.8494809688581315
3 0.5264797507788161 0.6228373702422145 0.5389408099688473 0.6280276816608996 0.5482866043613707 0.5519031141868512 0.5327102803738317 0.5 0.5249221183800623 0.5017301038062284 0.5233644859813084 0.5190311418685121 0.5171339563862928 0.5242214532871973 0.5155763239875389 0.5622837370242214 0.5264797507788161 0.6228373702422145
1 0.10124610591900311 0.8408304498269896 0.11214953271028037 0.8408304498269896 0.1043613707165109 0.8321799307958477 0.09657320872274143 0.7993079584775087 0.08099688473520249 0.7785467128027682 0.07320872274143302 0.7785467128027682 0.07476635514018691 0.8027681660899654 0.10124610591900311 0.8408304498269896
1 0.10124610591900311 0.8096885813148789 0.11214953271028037 0.828719723183391 0.12305295950155763 0.828719723183391 0.10124610591900311 0.7820069204152249 0.09501557632398754 0.7820069204152249 0.10124610591900311 0.8096885813148789
1 0.11370716510903427 0.8044982698961938 0.13551401869158877 0.8321799307958477 0.14330218068535824 0.8304498269896193 0.13239875389408098 0.8148788927335641 0.1308411214953271 0.7941176470588235 0.11526479750778816 0.7802768166089965 0.10903426791277258 0.7802768166089965 0.11370716510903427 0.8044982698961938
1 0.08099688473520249 0.8408304498269896 0.08722741433021806 0.8391003460207612 0.06853582554517133 0.7889273356401384 0.06074766355140187 0.7854671280276817 0.06074766355140187 0.8044982698961938 0.08099688473520249 0.8408304498269896
1 0.09501557632398754 0.7093425605536332 0.10124610591900311 0.7093425605536332 0.0794392523364486 0.6678200692041523 0.0794392523364486 0.6885813148788927 0.09501557632398754 0.7093425605536332
1 0.06697819314641744 0.6920415224913494 0.07468215887850467 0.6863368564013841 0.06542056074766354 0.6678200692041523 0.06697819314641744 0.6920415224913494
1 0.08255451713395638 0.7006920415224913 0.0763239875389408 0.6851211072664359 0.07468215887850467 0.6863368564013841 0.08210947975077881 0.701186356401384 0.08255451713395638 0.7006920415224913
1 0.08878504672897196 0.7145328719723183 0.08210947975077881 0.701186356401384 0.0778816199376947 0.7058823529411765 0.08878504672897196 0.7145328719723183
1 0.0514018691588785 0.6833910034602076 0.07320872274143302 0.7179930795847751 0.05763239875389408 0.6747404844290658 0.0514018691588785 0.6747404844290658 0.0514018691588785 0.6833910034602076
1 0.056074766355140186 0.7214532871972318 0.040498442367601244 0.6747404844290658 0.03426791277258567 0.6782006920415224 0.03271028037383177 0.6937716262975778 0.056074766355140186 0.7214532871972318
1 0.19781931464174454 0.6678200692041523 0.21339563862928349 0.6643598615916955 0.20249221183800623 0.6280276816608996 0.19003115264797507 0.6124567474048442 0.1838006230529595 0.6141868512110726 0.1806853582554517 0.6332179930795848 0.19781931464174454 0.6678200692041523
1 0.2367601246105919 0.6193771626297578 0.24454828660436137 0.6193771626297578 0.2383177570093458 0.5813148788927336 0.23052959501557632 0.5778546712802768 0.22585669781931464 0.5882352941176471 0.2367601246105919 0.6193771626297578
1 0.2585669781931464 0.6124567474048442 0.2538940809968847 0.5813148788927336 0.24299065420560748 0.5743944636678201 0.24143302180685358 0.5882352941176471 0.2585669781931464 0.6124567474048442
1 0.26947040498442365 0.6124567474048442 0.26791277258566976 0.5795847750865052 0.2570093457943925 0.5726643598615917 0.2585669781931464 0.5934256055363322 0.26947040498442365 0.6124567474048442
1 0.2850467289719626 0.6089965397923875 0.2819314641744548 0.5761245674740484 0.27102803738317754 0.5674740484429066 0.26635514018691586 0.5743944636678201 0.2850467289719626 0.6089965397923875
1 0.30062305295950154 0.615916955017301 0.3037383177570093 0.5916955017301038 0.29906542056074764 0.5743944636678201 0.29595015576323985 0.5640138408304498 0.2866043613707165 0.5657439446366782 0.2866043613707165 0.5813148788927336 0.30062305295950154 0.615916955017301
1 0.34890965732087226 0.5242214532871973 0.3442367601246106 0.527681660899654 0.3426791277258567 0.5380622837370242 0.35271720249221183 0.5547866211072665 0.35514018691588783 0.5467128027681661 0.34890965732087226 0.5242214532871973
1 0.37227414330218067 0.5622837370242214 0.37227414330218067 0.532871972318339 0.3691588785046729 0.5224913494809689 0.3644859813084112 0.5259515570934256 0.3629283489096573 0.5397923875432526 0.37227414330218067 0.5622837370242214
1 0.3894080996884735 0.5588235294117647 0.3847352024922118 0.5224913494809689 0.37850467289719625 0.5242214532871973 0.37694704049844235 0.5346020761245674 0.3894080996884735 0.5588235294117647
1 0.4517133956386293 0.5570934256055363 0.46261682242990654 0.5622837370242214 0.46261682242990654 0.5069204152249135 0.45638629283489096 0.5 0.4485981308411215 0.5017301038062284 0.4439252336448598 0.5259515570934256 0.4517133956386293 0.5570934256055363
0 0.7102803738317757 0.47058823529411764 0.7289719626168224 0.43079584775086505 0.6915887850467289 0.4186851211072664 0.6713395638629284 0.4463667820069204 0.6713395638629284 0.45674740484429066 0.7102803738317757 0.47058823529411764
4 0.6542056074766355 0.5069204152249135 0.6573208722741433 0.5294117647058824 0.6838006230529595 0.5467128027681661 0.719626168224299 0.5415224913494809 0.7305295950155763 0.5259515570934256 0.7242990654205608 0.48788927335640137 0.7313785046728972 0.4451089965397924 0.7221744548286605 0.4655553633217993 0.7016433021806854 0.4679152249134948 0.6704906542056075 0.45611764705882357 0.6682242990654206 0.47750865051903113 0.6542056074766355 0.5069204152249135