2 0.29283489096573206 0.5674740484429066 0.40342679127725856 0.6487889273356401 0.4392523364485981 0.6591695501730104 0.43302180685358255 0.6470588235294118 0.46105919003115264 0.6280276816608996 0.46261682242990654 0.6089965397923875 0.45482866043613707 0.5951557093425606 0.43613707165109034 0.5865051903114187 0.4174454828660436 0.5657439446366782 0.3847352024922118 0.5536332179930796 0.3707165109034268 0.5415224913494809 0.35046728971962615 0.5501730103806228 0.3395638629283489 0.5467128027681661 0.30218068535825543 0.5190311418685121 0.2866043613707165 0.5501730103806228 0.2819314641744548 0.5709342560553633 0.29283489096573206 0.5674740484429066
1 0.5280373831775701 0.7439446366782007 0.5358255451713395 0.7474048442906575 0.5420560747663551 0.7629757785467128 0.5404984423676013 0.7768166089965398 0.5560747663551402 0.7820069204152249 0.5747663551401869 0.7560553633217993 0.573208722741433 0.671280276816609 0.5778816199376947 0.6522491349480969 0.5700934579439252 0.6141868512110726 0.5607476635514018 0.5986159169550173 0.5514018691588785 0.6003460207612457 0.5311526479750779 0.657439446366782 0.5342679127725857 0.7041522491349481 0.5280373831775701 0.7439446366782007
1 0.21962616822429906 0.6384083044982699 0.21495327102803738 0.6141868512110726 0.21962616822429906 0.6055363321799307 0.21962616822429906 0.5605536332179931 0.21339563862928349 0.527681660899654 0.2087227414330218 0.527681660899654 0.20249221183800623 0.5484429065743944 0.2071651090342679 0.629757785467128 0.21962616822429906 0.6384083044982699
1 0.2336448598130841 0.6245674740484429 0.235202492211838 0.5588235294117647 0.22897196261682243 0.5432525951557093 0.22274143302180685 0.5501730103806228 0.22274143302180685 0.6211072664359861 0.2336448598130841 0.6245674740484429
1 0.24143302180685358 0.6349480968858131 0.24766355140186916 0.6384083044982699 0.24610591900311526 0.6055363321799307 0.2538940809968847 0.5726643598615917 0.24299065420560748 0.5449826989619377 0.2367601246105919 0.5536332179930796 0.235202492211838 0.5882352941176471 0.24143302180685358 0.6349480968858131
1 0.19626168224299065 0.6262975778546713 0.20093457943925233 0.6228373702422145 0.19937694704049844 0.5346020761245674 0.19158878504672897 0.5363321799307958 0.19003115264797507 0.6228373702422145 0.19626168224299065 0.6262975778546713
1 0.06542056074766354 0.6020761245674741 0.07320872274143302 0.6141868512110726 0.0778816199376947 0.6470588235294118 0.09190031152647975 0.6505190311418685 0.08878504672897196 0.5674740484429066 0.07320872274143302 0.5311418685121108 0.06542056074766354 0.5294117647058824 0.05763239875389408 0.5467128027681661 0.06542056074766354 0.6020761245674741
1 0.7320872274143302 0.5657439446366782 0.7320872274143302 0.5449826989619377 0.7445482866043613 0.5017301038062284 0.7429906542056075 0.4826989619377163 0.7305295950155763 0.4688581314878893 0.7149532710280374 0.48961937716262977 0.7133956386292835 0.5605536332179931 0.7320872274143302 0.5657439446366782
1 0.660436137071651 0.513840830449827 0.6573208722741433 0.49480968858131485 0.6526479750778816 0.5051903114186851 0.6542056074766355 0.5519031141868512 0.660436137071651 0.513840830449827
1 0.6370716510903427 0.4913494809688581 0.6292834890965732 0.5 0.632398753894081 0.5484429065743944 0.6370716510903427 0.4913494809688581
1 0.6199376947040498 0.4930795847750865 0.6105919003115264 0.5 0.6152647975077882 0.5449826989619377 0.6199376947040498 0.4930795847750865
1 0.5903426791277259 0.5432525951557093 0.5965732087227414 0.5155709342560554 0.5919003115264797 0.48961937716262977 0.5856697819314641 0.5 0.5903426791277259 0.5432525951557093
1 0.5186915887850467 0.5346020761245674 0.5210981308411216 0.4962249134948097 0.5124610591900312 0.4982698961937716 0.514018691588785 0.5363321799307958 0.5186915887850467 0.5346020761245674
1 0.4953271028037383 0.5553633217993079 0.5 0.5536332179930796 0.5046728971962616 0.5155709342560554 0.4968847352024922 0.49480968858131485 0.48909657320872274 0.5034602076124568 0.4953271028037383 0.5553633217993079
1 0.48598130841121495 0.5086505190311419 0.48286604361370716 0.5 0.4766355140186916 0.5034602076124568 0.48442367601246106 0.5519031141868512 0.48598130841121495 0.5086505190311419
1 0.3940809968847352 0.4982698961937716 0.3956386292834891 0.486159169550173 0.3894080996884735 0.4844290657439446 0.3878504672897196 0.4982698961937716 0.3940809968847352 0.4982698961937716
1 0.26635514018691586 0.5605536332179931 0.26635514018691586 0.5034602076124568 0.26479750778816197 0.4930795847750865 0.2585669781931464 0.49480968858131485 0.2601246105919003 0.5553633217993079 0.26635514018691586 0.5605536332179931
1 0.2757009345794392 0.5553633217993079 0.2757009345794392 0.49653979238754326 0.27102803738317754 0.5017301038062284 0.26791277258566976 0.527681660899654 0.2757009345794392 0.5553633217993079
3 0.822429906542056 0.458477508650519 0.8177570093457944 0.5640138408304498 0.8411214953271028 0.5674740484429066 0.8504672897196262 0.5207612456747405 0.8473520249221184 0.486159169550173 0.8535825545171339 0.47231833910034604 0.8691588785046729 0.4671280276816609 0.8753894080996885 0.4342560553633218 0.8753894080996885 0.38581314878892736 0.8613707165109035 0.370242214532872 0.8613707165109035 0.3391003460207612 0.8457943925233645 0.3460207612456747 0.8473520249221184 0.3633217993079585 0.8271028037383178 0.38408304498269896 0.8177570093457944 0.4186851211072664 0.8161993769470405 0.4532871972318339 0.822429906542056 0.458477508650519