3 0.8130841121495327 0.7387543252595156 0.8177570093457944 0.7370242214532872 0.82398753894081 0.7439446366782007 0.822429906542056 0.745674740484429 0.82398753894081 0.7508650519031141 0.8193146417445483 0.7560553633217993 0.8115264797507789 0.7577854671280276 0.82398753894081 0.773356401384083 0.8271028037383178 0.7820069204152249 0.82398753894081 0.8252595155709342 0.822429906542056 0.8304498269896193 0.8161993769470405 0.8373702422145328 0.8161993769470405 0.8408304498269896 0.8130841121495327 0.8391003460207612 0.8052959501557633 0.8408304498269896 0.8021806853582555 0.8442906574394463 0.8037383177570093 0.8667820069204152 0.8006230529595015 0.8719723183391004 0.7990654205607477 0.8823529411764706 0.7959501557632399 0.8875432525951558 0.7866043613707165 0.889273356401384 0.7866043613707165 0.8927335640138409 0.7897196261682243 0.8961937716262975 0.7912772585669782 0.8944636678200693 0.7912772585669782 0.8996539792387543 0.7819314641744548 0.8927335640138409 0.778816199376947 0.8875432525951558 0.780373831775701 0.8771626297577855 0.778816199376947 0.8615916955017301 0.7819314641744548 0.856401384083045 0.7819314641744548 0.8477508650519031 0.7850467289719626 0.8408304498269896 0.7850467289719626 0.8217993079584776 0.7881619937694704 0.8148788927335641 0.7819314641744548 0.8044982698961938 0.7819314641744548 0.7975778546712803 0.7881619937694704 0.7802768166089965 0.7881619937694704 0.7750865051903114 0.7959501557632399 0.7612456747404844 0.7990654205607477 0.7577854671280276 0.8084112149532711 0.759515570934256 0.8099688473520249 0.7560553633217993 0.822429906542056 0.7508650519031141 0.8208722741433022 0.7491349480968859 0.8099688473520249 0.7508650519031141 0.8099688473520249 0.7439446366782007 0.8130841121495327 0.740484429065744
1 0.4719626168224299 0.6695501730103807 0.4766355140186916 0.6695501730103807 0.4781931464174455 0.6799307958477508 0.48130841121495327 0.6851211072664359 0.4781931464174455 0.7093425605536332 0.4797507788161994 0.7283737024221453 0.4766355140186916 0.7283737024221453 0.4766355140186916 0.7197231833910035 0.4735202492211838 0.7145328719723183 0.4688473520249221 0.7231833910034602 0.4688473520249221 0.7006920415224913 0.4657320872274143 0.6955017301038062 0.4657320872274143 0.6782006920415224 0.4719626168224299 0.671280276816609
1 0.6542056074766355 0.6678200692041523 0.6542056074766355 0.6937716262975778 0.6510903426791277 0.7024221453287197 0.6510903426791277 0.7110726643598616 0.6464174454828661 0.7076124567474048 0.6479750778816199 0.6885813148788927 0.6448598130841121 0.6764705882352942 0.6526479750778816 0.6678200692041523
1 0.6682242990654206 0.7179930795847751 0.6651090342679128 0.6955017301038062 0.6666666666666666 0.6816608996539792 0.6713395638629284 0.6764705882352942 0.6744548286604362 0.6782006920415224 0.6728971962616822 0.6799307958477508 0.6728971962616822 0.6955017301038062 0.6697819314641744 0.7041522491349481 0.6697819314641744 0.7162629757785467
1 0.6900311526479751 0.6816608996539792 0.6884735202492211 0.7006920415224913 0.6822429906542056 0.7231833910034602 0.6806853582554517 0.7231833910034602 0.6822429906542056 0.7110726643598616 0.6806853582554517 0.6903114186851211 0.6838006230529595 0.6833910034602076 0.6884735202492211 0.6816608996539792
1 0.6993769470404985 0.7335640138408305 0.7009345794392523 0.6972318339100346 0.705607476635514 0.6903114186851211 0.7087227414330218 0.6955017301038062 0.7071651090342679 0.7024221453287197 0.7087227414330218 0.7058823529411765 0.7024922118380063 0.7231833910034602 0.7040498442367601 0.7335640138408305 0.7024922118380063 0.7352941176470589 0.7009345794392523 0.7335640138408305
1 0.5809968847352025 0.6747404844290658 0.5856697819314641 0.6833910034602076 0.5841121495327103 0.71280276816609 0.5763239875389408 0.7179930795847751 0.573208722741433 0.7179930795847751 0.5763239875389408 0.7058823529411765 0.573208722741433 0.6816608996539792 0.5794392523364486 0.6747404844290658
1 0.5654205607476636 0.6695501730103807 0.5700934579439252 0.6782006920415224 0.5669781931464174 0.7145328719723183 0.5623052959501558 0.71280276816609 0.5638629283489096 0.7093425605536332 0.557632398753894 0.6816608996539792 0.559190031152648 0.6730103806228374 0.5638629283489096 0.6695501730103807
1 0.5529595015576324 0.6678200692041523 0.5560747663551402 0.6747404844290658 0.5545171339563862 0.7093425605536332 0.5529595015576324 0.7110726643598616 0.5498442367601246 0.7093425605536332 0.5467289719626168 0.6972318339100346 0.5467289719626168 0.6799307958477508 0.5514018691588785 0.6695501730103807
1 0.5389408099688473 0.6643598615916955 0.543613707165109 0.6695501730103807 0.5420560747663551 0.7041522491349481 0.5373831775700935 0.7058823529411765 0.5373831775700935 0.6903114186851211 0.5342679127725857 0.6833910034602076 0.5373831775700935 0.6660899653979239
1 0.5249221183800623 0.657439446366782 0.5327102803738317 0.6678200692041523 0.5295950155763239 0.7041522491349481 0.5233644859813084 0.7024221453287197 0.5218068535825545 0.698961937716263 0.5233644859813084 0.6972318339100346 0.5233644859813084 0.6730103806228374 0.5218068535825545 0.671280276816609 0.5233644859813084 0.6591695501730104
1 0.3894080996884735 0.671280276816609 0.3894080996884735 0.7006920415224913 0.3878504672897196 0.7024221453287197 0.3894080996884735 0.71280276816609 0.3847352024922118 0.7093425605536332 0.3862928348909657 0.7024221453287197 0.38317757009345793 0.6937716262975778 0.38317757009345793 0.6764705882352942 0.3878504672897196 0.671280276816609
1 0.37850467289719625 0.6660899653979239 0.38006230529595014 0.7076124567474048 0.38161993769470404 0.7093425605536332 0.37694704049844235 0.7076124567474048 0.37694704049844235 0.7006920415224913 0.37227414330218067 0.6868512110726643 0.37227414330218067 0.6747404844290658 0.37383177570093457 0.6678200692041523 0.37694704049844235 0.6660899653979239
1 0.367601246105919 0.6626297577854672 0.3707165109034268 0.6643598615916955 0.37383177570093457 0.6868512110726643 0.37227414330218067 0.6903114186851211 0.37383177570093457 0.6955017301038062 0.3707165109034268 0.698961937716263 0.37227414330218067 0.7024221453287197 0.3691588785046729 0.7058823529411765 0.3660436137071651 0.6816608996539792 0.3660436137071651 0.6660899653979239 0.367601246105919 0.6643598615916955
1 0.3590342679127726 0.6816608996539792 0.010903426791277258 0.04498269896193772
1 0.34890965732087226 0.8235294117647058 0.35046728971962615 0.8183391003460208 0.3426791277258567 0.7906574394463668 0.3426791277258567 0.7785467128027682 0.34579439252336447 0.7750865051903114 0.34579439252336447 0.7716262975778547 0.34890965732087226 0.7698961937716263 0.35202492211838005 0.773356401384083 0.35202492211838005 0.7802768166089965 0.35514018691588783 0.7889273356401384 0.35202492211838005 0.8079584775086506 0.35358255451713394 0.8269896193771626 0.35046728971962615 0.8269896193771626 0.35046728971962615 0.8252595155709342
1 0.32710280373831774 0.7508650519031141 0.3302180685358255 0.7508650519031141 0.3317757009345794 0.7647058823529411 0.3348909657320872 0.7716262975778547 0.3333333333333333 0.8131487889273357 0.3302180685358255 0.8183391003460208 0.32710280373831774 0.8166089965397924 0.32710280373831774 0.7923875432525952 0.32398753894080995 0.7820069204152249 0.32398753894080995 0.773356401384083 0.32087227414330216 0.7664359861591695 0.32087227414330216 0.759515570934256 0.32398753894080995 0.759515570934256 0.32710280373831774 0.7525951557093425
1 0.33673987538940814 0.7749256055363322 0.33644080996884734 0.7892543252595156 0.3385404984423676 0.7965865051903115 0.33883956386292835 0.8049169550173011 0.33943925233644856 0.8159134948096886 0.3424392523364486 0.8119152249134948 0.3415389408099688 0.7982525951557093 0.3424392523364486 0.7702612456747405 0.34033956386292835 0.7649290657439447 0.33673987538940814 0.7682612456747405 0.33673987538940814 0.7749256055363322
1 0.31931464174454827 0.7491349480968859 0.32242990654205606 0.7560553633217993 0.32242990654205606 0.7716262975778547 0.32398753894080995 0.773356401384083 0.32398753894080995 0.7923875432525952 0.32242990654205606 0.7941176470588235 0.32398753894080995 0.8062283737024222 0.31931464174454827 0.8079584775086506 0.3177570093457944 0.8027681660899654 0.31931464174454827 0.7993079584775087 0.3161993769470405 0.7785467128027682 0.3177570093457944 0.7508650519031141
2 0.38317757009345793 0.7802768166089965 0.397196261682243 0.801038062283737 0.40342679127725856 0.8148788927335641 0.4252336448598131 0.8339100346020761 0.43146417445482865 0.8477508650519031 0.4485981308411215 0.8685121107266436 0.45638629283489096 0.8806228373702422 0.45950155763239875 0.8944636678200693 0.4672897196261682 0.9013840830449827 0.4719626168224299 0.9134948096885813 0.4719626168224299 0.9256055363321799 0.470404984423676 0.9273356401384083 0.45482866043613707 0.9117647058823529 0.4501557632398754 0.9013840830449827 0.4454828660436137 0.903114186851211 0.4439252336448598 0.9065743944636678 0.4454828660436137 0.9117647058823529 0.43146417445482865 0.8961937716262975 0.42990654205607476 0.884083044982699 0.42679127725856697 0.8771626297577855 0.4174454828660436 0.8685121107266436 0.4127725856697819 0.8546712802768166 0.3987538940809969 0.8408304498269896 0.3940809968847352 0.8339100346020761 0.3925233644859813 0.8269896193771626 0.3862928348909657 0.8200692041522492 0.38161993769470404 0.8079584775086506 0.37227414330218067 0.7993079584775087 0.37383177570093457 0.7923875432525952 0.37694704049844235 0.7923875432525952 0.38317757009345793 0.7820069204152249
1 0.7679127725856698 0.6955017301038062 0.7710280373831776 0.698961937716263 0.7741433021806854 0.71280276816609 0.7772585669781932 0.7162629757785467 0.7741433021806854 0.726643598615917 0.7554517133956387 0.71280276816609 0.7570093457943925 0.7058823529411765 0.7663551401869159 0.6955017301038062
1 0.2367601246105919 0.754325259515571 0.24454828660436137 0.759515570934256 0.24922118380062305 0.7698961937716263 0.2523364485981308 0.8183391003460208 0.2538940809968847 0.8200692041522492 0.2507788161993769 0.8235294117647058 0.24766355140186916 0.8217993079584776 0.24454828660436137 0.8062283737024222 0.2383177570093458 0.7941176470588235 0.2383177570093458 0.7854671280276817 0.23052959501557632 0.7664359861591695 0.23052959501557632 0.7612456747404844 0.235202492211838 0.7560553633217993