2 0.6214953271028038 0.7093425605536332 0.6573208722741433 0.7093425605536332 0.6806853582554517 0.6816608996539792 0.677570093457944 0.6626297577854672 0.661993769470405 0.6608996539792388 0.6495327102803738 0.6487889273356401 0.5996884735202492 0.6384083044982699 0.5716510903426791 0.6487889273356401 0.5202492211838006 0.6314878892733564 0.48909657320872274 0.6695501730103807 0.48753894080996885 0.6816608996539792 0.6214953271028038 0.7093425605536332
1 0.7757009345794392 0.7525951557093425 0.7819314641744548 0.7370242214532872 0.7912772585669782 0.7318339100346021 0.7897196261682243 0.6868512110726643 0.7959501557632399 0.6730103806228374 0.7881619937694704 0.6470588235294118 0.7710280373831776 0.657439446366782 0.7663551401869159 0.6920415224913494 0.764797507788162 0.7370242214532872 0.7757009345794392 0.7525951557093425
1 0.43457943925233644 0.7577854671280276 0.4423676012461059 0.7577854671280276 0.4501557632398754 0.6920415224913494 0.4392523364485981 0.671280276816609 0.43146417445482865 0.6903114186851211 0.43769470404984423 0.740484429065744 0.43457943925233644 0.7577854671280276
1 0.4174454828660436 0.7525951557093425 0.42834890965732086 0.7508650519031141 0.42990654205607476 0.7231833910034602 0.42679127725856697 0.6730103806228374 0.4190031152647975 0.6764705882352942 0.4143302180685358 0.6903114186851211 0.4174454828660436 0.7525951557093425
1 0.3987538940809969 0.7681660899653979 0.40654205607476634 0.7716262975778547 0.4158878504672897 0.7681660899653979 0.40809968847352024 0.7439446366782007 0.4143302180685358 0.6955017301038062 0.40809968847352024 0.6626297577854672 0.3987538940809969 0.6660899653979239 0.3925233644859813 0.7041522491349481 0.3987538940809969 0.7681660899653979
1 0.3333333333333333 0.8235294117647058 0.35358255451713394 0.8217993079584776 0.35202492211838005 0.7923875432525952 0.3598130841121495 0.7837370242214533 0.3582554517133956 0.7560553633217993 0.3629283489096573 0.7508650519031141 0.3598130841121495 0.7301038062283737 0.34735202492211836 0.7093425605536332 0.3364485981308411 0.7093425605536332 0.3317757009345794 0.726643598615917 0.3177570093457944 0.7335640138408305 0.32242990654205606 0.7906574394463668 0.3333333333333333 0.8235294117647058
1 0.3956386292834891 0.615916955017301 0.3987538940809969 0.5865051903114187 0.3940809968847352 0.5709342560553633 0.3894080996884735 0.5692041522491349 0.38161993769470404 0.583044982698962 0.3847352024922118 0.6141868512110726 0.3956386292834891 0.615916955017301
1 0.43302180685358255 0.5692041522491349 0.42834890965732086 0.5588235294117647 0.4221183800623053 0.5674740484429066 0.43146417445482865 0.6072664359861591 0.43302180685358255 0.5692041522491349
1 0.4470404984423676 0.6089965397923875 0.4501557632398754 0.5570934256055363 0.44180062305295953 0.5552058823529412 0.44038473520249216 0.563856401384083 0.4389688473520249 0.6063235294117647 0.4470404984423676 0.6089965397923875
1 0.5794392523364486 0.5813148788927336 0.5856697819314641 0.5224913494809689 0.5747663551401869 0.513840830449827 0.5669781931464174 0.5242214532871973 0.5669781931464174 0.5795847750865052 0.5794392523364486 0.5813148788927336
3 0.7274143302180686 0.5795847750865052 0.7445482866043613 0.5155709342560554 0.7367601246105919 0.4515570934256055 0.7289719626168224 0.4515570934256055 0.7289719626168224 0.46366782006920415 0.7149532710280374 0.48961937716262977 0.7165109034267912 0.5795847750865052 0.7274143302180686 0.5795847750865052
1 0.5233644859813084 0.5363321799307958 0.5186915887850467 0.5432525951557093 0.5218068535825545 0.5795847750865052 0.5233644859813084 0.5363321799307958
1 0.4937694704049844 0.5380622837370242 0.48909657320872274 0.5432525951557093 0.49065420560747663 0.583044982698962 0.4937694704049844 0.5380622837370242
1 0.4766355140186916 0.5380622837370242 0.470404984423676 0.5467128027681661 0.4735202492211838 0.5847750865051903 0.4766355140186916 0.5380622837370242
1 0.5077881619937694 0.5363321799307958 0.5031152647975078 0.5397923875432526 0.5046728971962616 0.5813148788927336 0.5077881619937694 0.5363321799307958
1 0.27414330218068533 0.6280276816608996 0.27102803738317754 0.6141868512110726 0.26479750778816197 0.6141868512110726 0.26635514018691586 0.6799307958477508 0.27414330218068533 0.6280276816608996
1 0.24766355140186916 0.6851211072664359 0.2538940809968847 0.6332179930795848 0.2507788161993769 0.610726643598616 0.2398753894080997 0.6262975778546713 0.24143302180685358 0.6816608996539792 0.24766355140186916 0.6851211072664359
1 0.2834890965732087 0.6799307958477508 0.2881619937694704 0.6055363321799307 0.2819314641744548 0.6055363321799307 0.2772585669781931 0.6176470588235294 0.2772585669781931 0.6782006920415224 0.2834890965732087 0.6799307958477508
1 0.3037383177570093 0.6470588235294118 0.30218068535825543 0.6072664359861591 0.29439252336448596 0.6193771626297578 0.29595015576323985 0.6747404844290658 0.3037383177570093 0.6470588235294118