1 0.3302180685358255 0.5103806228373703 0.34579439252336447 0.5103806228373703 0.34735202492211836 0.44982698961937717 0.3364485981308411 0.4342560553633218 0.3302180685358255 0.43771626297577854 0.32398753894080995 0.4463667820069204 0.3302180685358255 0.5103806228373703
1 0.37227414330218067 0.4757785467128028 0.37694704049844235 0.43771626297577854 0.3691588785046729 0.43079584775086505 0.367601246105919 0.4757785467128028 0.37227414330218067 0.4757785467128028
1 0.3940809968847352 0.43944636678200694 0.3862928348909657 0.4290657439446367 0.38161993769470404 0.4411764705882353 0.3862928348909657 0.4826989619377163 0.3940809968847352 0.43944636678200694
1 0.4013551401869159 0.4573875432525952 0.012024922118380105 0.04801038062283737
1 0.41523364485981307 0.45588235294117646 0.011791277258567056 0.04991349480968862
1 0.4292211838006231 0.4550692041522491 0.011292834890965732 0.04773356401384084
1 0.4637227414330218 0.42233564013840835 0.0198909657320872 0.0668166089965398
1 0.5055919003115265 0.42984429065743945 0.013255451713395625 0.055640138408304445
1 0.5187227414330218 0.43461937716262977 0.006635514018691575 0.05264705882352942
1 0.5280529595015576 0.4344809688581315 0.009579439252336413 0.05455017301038058
1 0.53898753894081 0.4354325259515571 0.011292834890965732 0.052093425605536356
1 0.5803582554517134 0.4524740484429065 0.012024922118380105 0.049100346020761236
1 0.5991433021806853 0.4552076124567474 0.011292834890965732 0.047456747404844256
1 0.6127725856697819 0.45493079584775087 0.012523364485981252 0.04854671280276812
1 0.6318068535825545 0.45889273356401383 0.011292834890965732 0.04826989619377159
3 0.6978193146417445 0.43079584775086505 0.6962616822429907 0.4532871972318339 0.6931464174454829 0.46366782006920415 0.6947040498442367 0.4740484429065744 0.6931464174454829 0.486159169550173 0.6947040498442367 0.48961937716262977 0.7009345794392523 0.48961937716262977 0.7102803738317757 0.4619377162629758 0.7102803738317757 0.43771626297577854 0.719626168224299 0.43252595155709345 0.7242990654205608 0.4134948096885813 0.7242990654205608 0.3892733564013841 0.719626168224299 0.3806228373702422 0.721183800623053 0.3685121107266436 0.719626168224299 0.35986159169550175 0.7165109034267912 0.35813148788927335 0.7118380062305296 0.3633217993079585 0.7102803738317757 0.3754325259515571 0.7009345794392523 0.38408304498269896 0.6947040498442367 0.4013840830449827 0.6931464174454829 0.41522491349480967 0.6978193146417445 0.43079584775086505
1 0.6802959501557633 0.5992041522491349 0.03510903426791272 0.09491349480968861