1 0.7367601246105919 0.43252595155709345 0.7523364485981309 0.43944636678200694 0.7585669781931464 0.40657439446366783 0.7757009345794392 0.3719723183391003 0.7694704049844237 0.3356401384083045 0.7461059190031153 0.35121107266435986 0.7414330218068536 0.3719723183391003 0.7445482866043613 0.3944636678200692 0.7367601246105919 0.43252595155709345
1 0.6308411214953271 0.32698961937716264 0.6214953271028038 0.34256055363321797 0.618380062305296 0.3892733564013841 0.6308411214953271 0.32698961937716264
1 0.5981308411214953 0.3788927335640138 0.6074766355140186 0.3166089965397924 0.5950155763239875 0.3373702422145329 0.5934579439252337 0.3771626297577855 0.5981308411214953 0.3788927335640138
1 0.5872274143302181 0.31314878892733566 0.5778816199376947 0.3217993079584775 0.5763239875389408 0.3737024221453287 0.5872274143302181 0.31314878892733566
1 0.5638629283489096 0.3027681660899654 0.5514018691588785 0.31314878892733566 0.5545171339563862 0.36505190311418684 0.5638629283489096 0.3027681660899654
2 0.7258566978193146 0.6089965397923875 0.764797507788162 0.629757785467128 0.764797507788162 0.6089965397923875 0.780373831775701 0.615916955017301 0.7928348909657321 0.6124567474048442 0.7928348909657321 0.5882352941176471 0.7710280373831776 0.5761245674740484 0.7554517133956387 0.5519031141868512 0.7009345794392523 0.5121107266435986 0.6682242990654206 0.5069204152249135 0.6214953271028038 0.46366782006920415 0.5887850467289719 0.48961937716262977 0.5887850467289719 0.4982698961937716 0.7258566978193146 0.6089965397923875
1 0.1059190031152648 0.745674740484429 0.10747663551401869 0.7716262975778547 0.12149532710280374 0.7802768166089965 0.1277258566978193 0.8079584775086506 0.1542056074766355 0.8096885813148789 0.14485981308411214 0.7249134948096886 0.12149532710280374 0.7006920415224913 0.11214953271028037 0.698961937716263 0.09813084112149532 0.7197231833910035 0.09657320872274143 0.740484429065744 0.1059190031152648 0.745674740484429
1 0.9361370716510904 0.6332179930795848 0.9454828660436138 0.6487889273356401 0.9439252336448598 0.657439446366782 0.9517133956386293 0.6626297577854672 0.9548286604361371 0.6539792387543253 0.9704049844236761 0.6522491349480969 0.9797507788161994 0.610726643598616 0.9937694704049844 0.5916955017301038 0.9906542056074766 0.5536332179930796 0.9813084112149533 0.5519031141868512 0.9657320872274143 0.5640138408304498 0.9485981308411215 0.5916955017301038 0.9501557632398754 0.6089965397923875 0.9361370716510904 0.6332179930795848
1 0.4221183800623053 0.5155709342560554 0.43302180685358255 0.5570934256055363 0.4252336448598131 0.47923875432525953 0.4205607476635514 0.47923875432525953 0.4221183800623053 0.5155709342560554
1 0.4252336448598131 0.5553633217993079 0.4205607476635514 0.49480968858131485 0.4143302180685358 0.4844290657439446 0.4174454828660436 0.5380622837370242 0.4252336448598131 0.5553633217993079
1 0.4143302180685358 0.5761245674740484 0.4158878504672897 0.5242214532871973 0.40498442367601245 0.48788927335640137 0.40342679127725856 0.5259515570934256 0.4143302180685358 0.5761245674740484
1 0.40809968847352024 0.5899653979238755 0.40031152647975077 0.5051903114186851 0.397196261682243 0.5363321799307958 0.40809968847352024 0.5899653979238755
1 0.5077881619937694 0.3477508650519031 0.5031152647975078 0.356401384083045 0.5046728971962616 0.4100346020761246 0.5077881619937694 0.3477508650519031
1 0.4984423676012461 0.36678200692041524 0.4937694704049844 0.3633217993079585 0.4953271028037383 0.4083044982698962 0.4984423676012461 0.36678200692041524
1 0.48753894080996885 0.41695501730103807 0.48753894080996885 0.3771626297577855 0.48286604361370716 0.39100346020761245 0.4797507788161994 0.4290657439446367 0.48753894080996885 0.41695501730103807
1 0.4797507788161994 0.3788927335640138 0.4719626168224299 0.39273356401384085 0.4735202492211838 0.4429065743944637 0.4797507788161994 0.3788927335640138
1 0.4672897196261682 0.39100346020761245 0.46261682242990654 0.4013840830449827 0.4657320872274143 0.44982698961937717 0.4672897196261682 0.39100346020761245
1 0.3613707165109034 0.43079584775086505 0.3598130841121495 0.3719723183391003 0.35046728971962615 0.35294117647058826 0.3442367601246106 0.3546712802768166 0.3442367601246106 0.36678200692041524 0.338006230529595 0.3719723183391003 0.34735202492211836 0.43771626297577854 0.3613707165109034 0.43079584775086505
1 0.24454828660436137 0.47231833910034604 0.24299065420560748 0.4342560553633218 0.22897196261682243 0.39792387543252594 0.22897196261682243 0.4204152249134948 0.24454828660436137 0.47231833910034604
1 0.2336448598130841 0.4844290657439446 0.23208722741433022 0.4515570934256055 0.21962616822429906 0.4031141868512111 0.22118380062305296 0.44982698961937717 0.2336448598130841 0.4844290657439446
1 0.22429906542056074 0.48788927335640137 0.22274143302180685 0.44809688581314877 0.2087227414330218 0.41695501730103807 0.2087227414330218 0.43771626297577854 0.22429906542056074 0.48788927335640137
1 0.205607476635514 0.4809688581314879 0.2087227414330218 0.5086505190311419 0.21339563862928349 0.5034602076124568 0.2087227414330218 0.4688581314878893 0.19314641744548286 0.4273356401384083 0.19158878504672897 0.4515570934256055 0.205607476635514 0.4809688581314879
3 0.03426791277258567 0.47750865051903113 0.048286604361370715 0.48788927335640137 0.08099688473520249 0.5761245674740484 0.10124610591900311 0.5709342560553633 0.09813084112149532 0.5363321799307958 0.0794392523364486 0.48961937716262977 0.09190031152647975 0.47058823529411764 0.08878504672897196 0.4515570934256055 0.04814485981308411 0.3538840830449827 0.026196261682242993 0.35545847750865056 0.02336448598130841 0.40484429065743943 0.024922118380062305 0.4515570934256055 0.03426791277258567 0.47750865051903113