1 0.5202492211838006 0.5242214532871973 0.5249221183800623 0.5259515570934256 0.5295950155763239 0.4688581314878893 0.5202492211838006 0.4757785467128028 0.5171339563862928 0.4930795847750865 0.5202492211838006 0.5242214532871973
1 0.5482866043613707 0.4671280276816609 0.5389408099688473 0.47750865051903113 0.5420560747663551 0.5259515570934256 0.5482866043613707 0.4671280276816609
1 0.5669781931464174 0.5224913494809689 0.5700934579439252 0.4688581314878893 0.5638629283489096 0.47923875432525953 0.5623052959501558 0.5259515570934256 0.5669781931464174 0.5224913494809689
1 0.4984423676012461 0.5259515570934256 0.5031152647975078 0.46539792387543255 0.4937694704049844 0.4757785467128028 0.49065420560747663 0.48788927335640137 0.4984423676012461 0.5259515570934256
1 0.6993769470404985 0.726643598615917 0.705607476635514 0.7162629757785467 0.7133956386292835 0.7162629757785467 0.7274143302180686 0.6626297577854672 0.7227414330218068 0.6228373702422145 0.7040498442367601 0.6366782006920415 0.6962616822429907 0.6591695501730104 0.6884735202492211 0.698961937716263 0.6993769470404985 0.726643598615917
1 0.719626168224299 0.7716262975778547 0.7305295950155763 0.7491349480968859 0.7445482866043613 0.7006920415224913 0.7414330218068536 0.6937716262975778 0.7274143302180686 0.7093425605536332 0.7227414330218068 0.726643598615917 0.7133956386292835 0.7716262975778547 0.719626168224299 0.7716262975778547
1 0.7414330218068536 0.7768166089965398 0.7585669781931464 0.7006920415224913 0.7383177570093458 0.71280276816609 0.7305295950155763 0.7681660899653979 0.7414330218068536 0.7768166089965398
1 0.7445482866043613 0.7923875432525952 0.7507788161993769 0.8027681660899654 0.7694704049844237 0.754325259515571 0.7694704049844237 0.7249134948096886 0.7507788161993769 0.754325259515571 0.7523364485981309 0.7802768166089965 0.7445482866043613 0.7923875432525952
1 0.7554517133956387 0.8200692041522492 0.7632398753894081 0.8252595155709342 0.7710280373831776 0.7941176470588235 0.7866043613707165 0.7750865051903114 0.7819314641744548 0.7370242214532872 0.764797507788162 0.7681660899653979 0.7616822429906542 0.8079584775086506 0.7554517133956387 0.8200692041522492
1 0.4454828660436137 0.4826989619377163 0.4454828660436137 0.4463667820069204 0.43613707165109034 0.46539792387543255 0.43769470404984423 0.5086505190311419 0.4454828660436137 0.4826989619377163
1 0.43146417445482865 0.4411764705882353 0.4221183800623053 0.4532871972318339 0.4252336448598131 0.5103806228373703 0.43146417445482865 0.4411764705882353
1 0.4190031152647975 0.47058823529411764 0.4174454828660436 0.4463667820069204 0.4127725856697819 0.4463667820069204 0.411214953271028 0.5069204152249135 0.4190031152647975 0.47058823529411764
1 0.397196261682243 0.5069204152249135 0.40186915887850466 0.4429065743944637 0.3894080996884735 0.4515570934256055 0.3909657320872274 0.5051903114186851 0.397196261682243 0.5069204152249135
1 0.3317757009345794 0.5069204152249135 0.3442367601246106 0.5103806228373703 0.34890965732087226 0.44982698961937717 0.3364485981308411 0.42387543252595156 0.32242990654205606 0.4359861591695502 0.32242990654205606 0.47750865051903113 0.3317757009345794 0.5069204152249135
1 0.29595015576323985 0.5588235294117647 0.3052959501557632 0.5553633217993079 0.3099688473520249 0.5311418685121108 0.308411214953271 0.5034602076124568 0.29906542056074764 0.49480968858131485 0.29283489096573206 0.5086505190311419 0.29595015576323985 0.5588235294117647
1 0.2866043613707165 0.5605536332179931 0.2897196261682243 0.5121107266435986 0.2819314641744548 0.49653979238754326 0.27102803738317754 0.5051903114186851 0.2803738317757009 0.5640138408304498 0.2866043613707165 0.5605536332179931
1 0.2616822429906542 0.5674740484429066 0.26791277258566976 0.5536332179930796 0.26635514018691586 0.513840830449827 0.2570093457943925 0.5069204152249135 0.2538940809968847 0.5553633217993079 0.2616822429906542 0.5674740484429066
1 0.24610591900311526 0.5692041522491349 0.24922118380062305 0.5103806228373703 0.2398753894080997 0.5017301038062284 0.235202492211838 0.5121107266435986 0.2383177570093458 0.5674740484429066 0.24610591900311526 0.5692041522491349
1 0.17289719626168223 0.583044982698962 0.1853582554517134 0.6418685121107266 0.19937694704049844 0.5605536332179931 0.1838006230529595 0.5363321799307958 0.17289719626168223 0.5415224913494809 0.16510903426791276 0.5778546712802768 0.17289719626168223 0.583044982698962
1 0.19937694704049844 0.6366782006920415 0.19314641744548286 0.5986159169550173 0.19158878504672897 0.6193771626297578 0.19937694704049844 0.6366782006920415
3 0.6910218068535826 0.5575657439446368 0.7009345794392523 0.5591384083044983 0.7102803738317757 0.4913494809688581 0.7274143302180686 0.4757785467128028 0.7305295950155763 0.4273356401384083 0.7193426791277259 0.3861280276816609 0.7009345794392523 0.4134948096885813 0.6884735202492211 0.4411764705882353 0.6832336448598131 0.5559930795847751 0.6910218068535826 0.5575657439446368