3 0.0778816199376947 0.4134948096885813 0.10124610591900311 0.4671280276816609 0.11059190031152648 0.4688581314878893 0.1261682242990654 0.45674740484429066 0.09968847352024922 0.3737024221453287 0.11059190031152648 0.3615916955017301 0.1059190031152648 0.3356401384083045 0.08099688473520249 0.2820069204152249 0.056074766355140186 0.2664359861591695 0.056074766355140186 0.25432525951557095 0.04672897196261682 0.2422145328719723 0.03426791277258567 0.24567474048442905 0.03582554517133956 0.34429065743944637 0.0778816199376947 0.4134948096885813
1 0.15109034267912771 0.7231833910034602 0.17289719626168223 0.7231833910034602 0.16666666666666666 0.657439446366782 0.13551401869158877 0.629757785467128 0.1261682242990654 0.629757785467128 0.1261682242990654 0.6366782006920415 0.11370716510903427 0.6453287197231834 0.11214953271028037 0.6608996539792388 0.15109034267912771 0.7231833910034602
1 0.24766355140186916 0.3737024221453287 0.235202492211838 0.3166089965397924 0.22633596884735202 0.3067607128027682 0.22429906542056074 0.33391003460207613 0.2367601246105919 0.3494809688581315 0.24299065420560748 0.3788927335640138 0.24766355140186916 0.3737024221453287
1 0.2398753894080997 0.29930795847750863 0.2585669781931464 0.35813148788927335 0.2554517133956386 0.3096885813148789 0.24299065420560748 0.2837370242214533 0.2383177570093458 0.2837370242214533 0.2398753894080997 0.29930795847750863
1 0.26947040498442365 0.35121107266435986 0.2616822429906542 0.2906574394463668 0.2507788161993769 0.2647058823529412 0.2507788161993769 0.2975778546712803 0.26947040498442365 0.35121107266435986
1 0.278816199376947 0.3391003460207612 0.278816199376947 0.2975778546712803 0.26479750778816197 0.25951557093425603 0.26635514018691586 0.30103806228373703 0.278816199376947 0.3391003460207612
1 0.40809968847352024 0.29411764705882354 0.40654205607476634 0.23529411764705882 0.397196261682243 0.2093425605536332 0.3909657320872274 0.2093425605536332 0.3894080996884735 0.22491349480968859 0.38317757009345793 0.2301038062283737 0.3909657320872274 0.3027681660899654 0.40809968847352024 0.29411764705882354
1 0.4485981308411215 0.48788927335640137 0.4485981308411215 0.444636678200692 0.4392523364485981 0.40657439446366783 0.43769470404984423 0.43771626297577854 0.4485981308411215 0.48788927335640137
1 0.45950155763239875 0.4809688581314879 0.45794392523364486 0.4100346020761246 0.4470404984423676 0.38408304498269896 0.4454828660436137 0.42214532871972316 0.45950155763239875 0.4809688581314879
1 0.46417445482866043 0.4515570934256055 0.4688473520249221 0.43079584775086505 0.46105919003115264 0.3806228373702422 0.45794392523364486 0.40657439446366783 0.46417445482866043 0.4515570934256055
1 0.4766355140186916 0.4515570934256055 0.4766355140186916 0.3806228373702422 0.470404984423676 0.3685121107266436 0.4657320872274143 0.370242214532872 0.46417445482866043 0.40484429065743943 0.4766355140186916 0.4515570934256055
1 0.5196884735202492 0.29057093425605535 0.014158878504672947 0.06998269896193769
1 0.534190031152648 0.27209342560553634 0.010623052959501635 0.058200692041522464
1 0.5455295950155764 0.2610899653979239 0.010623052959501635 0.058200692041522464
1 0.5554361370716511 0.24771626297577856 0.013457943925233624 0.06920415224913495
1 0.5685358255451713 0.23316608996539795 0.008489096573208793 0.06685121107266434
1 0.6294236760124611 0.18205882352941177 0.014158878504672947 0.09673010380622837
1 0.6552647975077882 0.19463667820069205 0.014875389408099618 0.07628027681660902
1 0.680404984423676 0.2028892733564014 0.0198286604361371 0.08020761245674737
1 0.7051869158878505 0.21626297577854672 0.021246105919003094 0.07707612456747406
1 0.8177570093457944 0.3096885813148789 0.8271028037383178 0.3079584775086505 0.838006230529595 0.32006920415224915 0.8738317757009346 0.24048442906574394 0.8691588785046729 0.2093425605536332 0.8613707165109035 0.20588235294117646 0.8364485981308412 0.2301038062283737 0.8333333333333334 0.27335640138408307 0.8177570093457944 0.3096885813148789
2 0.7912772585669782 0.5380622837370242 0.8286604361370716 0.5640138408304498 0.8364485981308412 0.5467128027681661 0.8520249221183801 0.5553633217993079 0.8644859813084113 0.5484429065743944 0.8644859813084113 0.5259515570934256 0.8457943925233645 0.5155709342560554 0.8271028037383178 0.4826989619377163 0.7694704049844237 0.43079584775086505 0.7274143302180686 0.4134948096885813 0.6884735202492211 0.3685121107266436 0.6666666666666666 0.38581314878892736 0.6495327102803738 0.3892733564013841 0.6479750778816199 0.39965397923875434 0.7912772585669782 0.5380622837370242