1 0.5373831775700935 0.8650519031141869 0.5389408099688473 0.8823529411764706 0.5514018691588785 0.8875432525951558 0.5529595015576324 0.8719723183391004 0.5654205607476636 0.8650519031141869 0.5529595015576324 0.8027681660899654 0.559190031152648 0.7958477508650519 0.557632398753894 0.7698961937716263 0.5467289719626168 0.7439446366782007 0.5358255451713395 0.7370242214532872 0.5218068535825545 0.7664359861591695 0.5233644859813084 0.8546712802768166 0.5373831775700935 0.8650519031141869
1 0.24143302180685358 0.754325259515571 0.24766355140186916 0.7577854671280276 0.2523364485981308 0.754325259515571 0.24610591900311526 0.71280276816609 0.2507788161993769 0.6972318339100346 0.2383177570093458 0.6747404844290658 0.23052959501557632 0.6730103806228374 0.23052959501557632 0.7058823529411765 0.24143302180685358 0.754325259515571
1 0.2336448598130841 0.7439446366782007 0.23052959501557632 0.6920415224913494 0.22429906542056074 0.6730103806228374 0.21651090342679127 0.6747404844290658 0.22429906542056074 0.7439446366782007 0.2336448598130841 0.7439446366782007
1 0.2087227414330218 0.754325259515571 0.22429906542056074 0.7577854671280276 0.21651090342679127 0.7474048442906575 0.21651090342679127 0.698961937716263 0.2071651090342679 0.6626297577854672 0.19781931464174454 0.6643598615916955 0.19470404984423675 0.6885813148788927 0.2087227414330218 0.754325259515571
1 0.19158878504672897 0.7474048442906575 0.19626168224299065 0.7491349480968859 0.20249221183800623 0.7439446366782007 0.19314641744548286 0.6678200692041523 0.1838006230529595 0.6678200692041523 0.1822429906542056 0.6903114186851211 0.19158878504672897 0.7474048442906575
1 0.059190031152647975 0.7162629757785467 0.07165109034267912 0.7525951557093425 0.08099688473520249 0.759515570934256 0.09190031152647975 0.7837370242214533 0.08722741433021806 0.7681660899653979 0.09657320872274143 0.759515570934256 0.09190031152647975 0.7179930795847751 0.07165109034267912 0.6885813148788927 0.06386292834890965 0.6920415224913494 0.056074766355140186 0.7024221453287197 0.059190031152647975 0.7162629757785467
1 0.6090342679127726 0.5899653979238755 0.6105919003115264 0.5536332179930796 0.6090342679127726 0.5415224913494809 0.6043613707165109 0.5415224913494809 0.602803738317757 0.5674740484429066 0.6090342679127726 0.5899653979238755
1 0.5887850467289719 0.5882352941176471 0.5887850467289719 0.5380622837370242 0.5825545171339563 0.5415224913494809 0.5794392523364486 0.5536332179930796 0.5887850467289719 0.5882352941176471
1 0.5716510903426791 0.5865051903114187 0.5716510903426791 0.5415224913494809 0.5654205607476636 0.5432525951557093 0.5638629283489096 0.5605536332179931 0.5716510903426791 0.5865051903114187
1 0.5514018691588785 0.5865051903114187 0.5467289719626168 0.5363321799307958 0.5404984423676013 0.5536332179930796 0.5514018691588785 0.5865051903114187
1 0.3598130841121495 0.6314878892733564 0.37538940809968846 0.6349480968858131 0.37383177570093457 0.5865051903114187 0.3644859813084112 0.5692041522491349 0.3582554517133956 0.5692041522491349 0.35202492211838005 0.596885813148789 0.3598130841121495 0.6314878892733564
1 0.48286604361370716 0.6089965397923875 0.48442367601246106 0.5709342560553633 0.4781931464174455 0.5570934256055363 0.4719626168224299 0.5674740484429066 0.4750778816199377 0.6089965397923875 0.48286604361370716 0.6089965397923875
1 0.4672897196261682 0.610726643598616 0.4672897196261682 0.5692041522491349 0.45950155763239875 0.5570934256055363 0.45482866043613707 0.5640138408304498 0.46105919003115264 0.6072664359861591 0.4672897196261682 0.610726643598616
1 0.4470404984423676 0.6124567474048442 0.4517133956386293 0.6124567474048442 0.4517133956386293 0.5743944636678201 0.4423676012461059 0.5640138408304498 0.440809968847352 0.5882352941176471 0.4470404984423676 0.6124567474048442
1 0.43146417445482865 0.610726643598616 0.43769470404984423 0.6124567474048442 0.43769470404984423 0.5726643598615917 0.43457943925233644 0.5640138408304498 0.42679127725856697 0.5640138408304498 0.4252336448598131 0.583044982698962 0.43146417445482865 0.610726643598616
1 0.4174454828660436 0.6141868512110726 0.4221183800623053 0.610726643598616 0.4221183800623053 0.5726643598615917 0.4127725856697819 0.5622837370242214 0.40965732087227413 0.5795847750865052 0.4174454828660436 0.6141868512110726
1 0.6651090342679128 0.5934256055363322 0.677570093457944 0.596885813148789 0.677570093457944 0.5640138408304498 0.6853582554517134 0.5346020761245674 0.6744548286604362 0.513840830449827 0.6666666666666666 0.5155709342560554 0.6588785046728972 0.5311418685121108 0.6651090342679128 0.5934256055363322
1 0.2585669781931464 0.6539792387543253 0.2523364485981308 0.596885813148789 0.24766355140186916 0.6003460207612457 0.24610591900311526 0.6280276816608996 0.2585669781931464 0.6539792387543253
1 0.2398753894080997 0.615916955017301 0.2398753894080997 0.5916955017301038 0.235202492211838 0.5951557093425606 0.2336448598130841 0.6141868512110726 0.2398753894080997 0.615916955017301
1 0.22741433021806853 0.615916955017301 0.22897196261682243 0.6003460207612457 0.22429906542056074 0.596885813148789 0.22274143302180685 0.6141868512110726 0.22741433021806853 0.615916955017301
1 0.21495327102803738 0.615916955017301 0.21495327102803738 0.5951557093425606 0.2102803738317757 0.5951557093425606 0.205607476635514 0.6141868512110726 0.21495327102803738 0.615916955017301
3 0.7507788161993769 0.5501730103806228 0.7476635514018691 0.6244100346020761 0.7611152647975078 0.6259826989619377 0.7752757009345794 0.6299152249134948 0.7694704049844237 0.5553633217993079 0.7881619937694704 0.532871972318339 0.7881619937694704 0.4757785467128028 0.7738598130841121 0.4285934256055363 0.7660716510903427 0.42623529411764705 0.7507788161993769 0.46366782006920415 0.7445482866043613 0.4826989619377163 0.7414330218068536 0.5155709342560554 0.7507788161993769 0.5501730103806228