2 0.6791277258566978 0.5346020761245674 0.7133956386292835 0.5743944636678201 0.7476635514018691 0.5847750865051903 0.7523364485981309 0.5986159169550173 0.7834890965732088 0.6141868512110726 0.7866043613707165 0.6332179930795848 0.8115264797507789 0.6539792387543253 0.8302180685358256 0.6591695501730104 0.8442367601246106 0.643598615916955 0.8753894080996885 0.6591695501730104 0.8847352024922118 0.6539792387543253 0.8894080996884736 0.6366782006920415 0.881619937694704 0.6245674740484429 0.867601246105919 0.615916955017301 0.8504672897196262 0.5916955017301038 0.7850467289719626 0.5432525951557093 0.7383177570093458 0.5311418685121108 0.705607476635514 0.5034602076124568 0.660436137071651 0.5242214532871973 0.660436137071651 0.5311418685121108 0.6791277258566978 0.5346020761245674
3 0.09813084112149532 0.4844290657439446 0.12305295950155763 0.5743944636678201 0.14641744548286603 0.5674740484429066 0.14174454828660435 0.5155709342560554 0.1292834890965732 0.4913494809688581 0.1292834890965732 0.47750865051903113 0.14174454828660435 0.45501730103806226 0.1423115264797508 0.4230882352941176 0.13395638629283488 0.4134948096885813 0.13239875389408098 0.4034290657439446 0.1308411214953271 0.3961937716262976 0.12461059190031153 0.3788927335640138 0.09628971962616822 0.328719723183391 0.08425389408099689 0.3271470588235294 0.07717289719626169 0.3460207612456747 0.07476635514018691 0.3892733564013841 0.0778816199376947 0.44982698961937717 0.09813084112149532 0.4844290657439446
1 0.14641744548286603 0.7837370242214533 0.15109034267912771 0.801038062283737 0.14953271028037382 0.8148788927335641 0.16978193146417445 0.8096885813148789 0.1806853582554517 0.8166089965397924 0.17445482866043613 0.7352941176470589 0.1791277258566978 0.7231833910034602 0.17133956386292834 0.7058823529411765 0.1526479750778816 0.6816608996539792 0.14330218068535824 0.6799307958477508 0.12305295950155763 0.71280276816609 0.13239875389408098 0.7664359861591695 0.14641744548286603 0.7837370242214533
1 0.2585669781931464 0.4930795847750865 0.2616822429906542 0.527681660899654 0.26635514018691586 0.5224913494809689 0.26479750778816197 0.4982698961937716 0.2507788161993769 0.4411764705882353 0.24922118380062305 0.47750865051903113 0.2585669781931464 0.4930795847750865
1 0.2796651090342679 0.5190311418685121 0.2772585669781931 0.4602076124567474 0.26791277258566976 0.4359861591695502 0.26791277258566976 0.46366782006920415 0.2796651090342679 0.5190311418685121
1 0.2881619937694704 0.5103806228373703 0.2897196261682243 0.47923875432525953 0.278816199376947 0.42214532871972316 0.2757009345794392 0.44982698961937717 0.2881619937694704 0.5103806228373703
1 0.29906542056074764 0.5017301038062284 0.29906542056074764 0.4411764705882353 0.29127725856697817 0.4204152249134948 0.2881619937694704 0.444636678200692 0.29906542056074764 0.5017301038062284
1 0.40809968847352024 0.47923875432525953 0.4221183800623053 0.4740484429065744 0.4236760124610592 0.40484429065743943 0.4143302180685358 0.38408304498269896 0.40186915887850466 0.40484429065743943 0.40342679127725856 0.47750865051903113 0.40809968847352024 0.47923875432525953
1 0.8161993769470405 0.48961937716262977 0.8333333333333334 0.5 0.839563862928349 0.4671280276816609 0.8613707165109035 0.42214532871972316 0.8551401869158879 0.39273356401384085 0.8473520249221184 0.3892733564013841 0.8302180685358256 0.4031141868512111 0.82398753894081 0.41695501730103807 0.822429906542056 0.47058823529411764 0.8161993769470405 0.48961937716262977
1 0.4657320872274143 0.5743944636678201 0.45638629283489096 0.5259515570934256 0.46417445482866043 0.6193771626297578 0.4657320872274143 0.5743944636678201
1 0.4757866043613707 0.6228373702422145 0.4735202492211838 0.5536332179930796 0.46587383177570096 0.5072352941176471 0.46261682242990654 0.5501730103806228 0.4757866043613707 0.6228373702422145
1 0.48130841121495327 0.5899653979238755 0.48130841121495327 0.5224913494809689 0.4750778816199377 0.5086505190311419 0.4750778816199377 0.5622837370242214 0.48130841121495327 0.5899653979238755
1 0.49065420560747663 0.5916955017301038 0.49065420560747663 0.5190311418685121 0.48286604361370716 0.5017301038062284 0.48130841121495327 0.5467128027681661 0.49065420560747663 0.5916955017301038
1 0.6214953271028038 0.370242214532872 0.6230529595015576 0.42560553633217996 0.632398753894081 0.39273356401384085 0.632398753894081 0.3685121107266436 0.6214953271028038 0.370242214532872
1 0.660436137071651 0.36678200692041524 0.6495327102803738 0.3771626297577855 0.6464174454828661 0.43079584775086505 0.660436137071651 0.36678200692041524
1 0.6697819314641744 0.4342560553633218 0.6651090342679128 0.43771626297577854 0.6697819314641744 0.43944636678200694 0.6822429906542056 0.3719723183391003 0.6713395638629284 0.3806228373702422 0.6666666666666666 0.3961937716262976 0.6651090342679128 0.4273356401384083 0.6697819314641744 0.4342560553633218
1 0.705607476635514 0.38235294117647056 0.6915887850467289 0.4100346020761246 0.6915887850467289 0.44982698961937717 0.705607476635514 0.38235294117647056
1 0.5373831775700935 0.44982698961937717 0.5342679127725857 0.4290657439446367 0.5280373831775701 0.4463667820069204 0.5280373831775701 0.4913494809688581 0.5373831775700935 0.44982698961937717
1 0.5373831775700935 0.486159169550173 0.5467289719626168 0.43079584775086505 0.543613707165109 0.42214532871972316 0.5358255451713395 0.43944636678200694 0.5373831775700935 0.486159169550173
1 0.5545171339563862 0.45501730103806226 0.5529595015576324 0.41522491349480967 0.5482866043613707 0.4411764705882353 0.5467289719626168 0.47231833910034604 0.5545171339563862 0.45501730103806226
1 0.5794392523364486 0.41522491349480967 0.5778816199376947 0.39273356401384085 0.5700934579439252 0.41522491349480967 0.5700934579439252 0.458477508650519 0.5794392523364486 0.41522491349480967
1 0.5600389408099689 0.4749913494809689 0.5669781931464174 0.4273356401384083 0.5638629283489096 0.4100346020761246 0.559190031152648 0.41695501730103807 0.5600389408099689 0.4749913494809689