1 0.5046728971962616 0.356401384083045 0.5 0.35986159169550175 0.5 0.40484429065743943 0.5046728971962616 0.356401384083045
1 0.48442367601246106 0.35294117647058826 0.4766355140186916 0.3615916955017301 0.4797507788161994 0.40657439446366783 0.48442367601246106 0.35294117647058826
1 0.46105919003115264 0.40657439446366783 0.4672897196261682 0.3754325259515571 0.4672897196261682 0.3546712802768166 0.46261682242990654 0.356401384083045 0.45794392523364486 0.3633217993079585 0.46105919003115264 0.40657439446366783
1 0.4423676012461059 0.3494809688581315 0.43457943925233644 0.3615916955017301 0.440809968847352 0.40657439446366783 0.4423676012461059 0.3494809688581315
1 0.3940809968847352 0.35294117647058826 0.3909657320872274 0.33391003460207613 0.38317757009345793 0.35121107266435986 0.3862928348909657 0.3875432525951557 0.3940809968847352 0.35294117647058826
1 0.37694704049844235 0.39273356401384085 0.37694704049844235 0.328719723183391 0.3707165109034268 0.3408304498269896 0.3707165109034268 0.39100346020761245 0.37694704049844235 0.39273356401384085
1 0.3691588785046729 0.3460207612456747 0.367601246105919 0.33391003460207613 0.3613707165109034 0.3373702422145329 0.3629283489096573 0.3875432525951557 0.3691588785046729 0.3460207612456747
1 0.35202492211838005 0.33217993079584773 0.34890965732087226 0.328719723183391 0.3411214953271028 0.3408304498269896 0.34579439252336447 0.39100346020761245 0.35202492211838005 0.33217993079584773
1 0.2757009345794392 0.3391003460207612 0.2897196261682243 0.39100346020761245 0.29906542056074764 0.39100346020761245 0.3037383177570093 0.33391003460207613 0.2881619937694704 0.31314878892733566 0.2757009345794392 0.3235294117647059 0.2757009345794392 0.3391003460207612
1 0.2570093457943925 0.43079584775086505 0.2632398753894081 0.43252595155709345 0.26947040498442365 0.4290657439446367 0.26947040498442365 0.3875432525951557 0.2601246105919003 0.3754325259515571 0.2538940809968847 0.4031141868512111 0.2570093457943925 0.43079584775086505
1 0.24766355140186916 0.4359861591695502 0.2507788161993769 0.3875432525951557 0.24454828660436137 0.3771626297577855 0.235202492211838 0.38408304498269896 0.24299065420560748 0.4359861591695502 0.24766355140186916 0.4359861591695502
1 0.22741433021806853 0.4411764705882353 0.2336448598130841 0.4290657439446367 0.23208722741433022 0.3944636678200692 0.22274143302180685 0.38408304498269896 0.22118380062305296 0.4290657439446367 0.22741433021806853 0.4411764705882353
1 0.2118380062305296 0.4429065743944637 0.21651090342679127 0.4411764705882353 0.21651090342679127 0.39273356401384085 0.2087227414330218 0.38235294117647056 0.20404984423676012 0.3875432525951557 0.20093457943925233 0.4083044982698962 0.2118380062305296 0.4429065743944637
1 0.1607196261682243 0.5040899653979238 0.1770031152647975 0.4993702422145329 0.17289719626168223 0.43079584775086505 0.1588785046728972 0.40484429065743943 0.14953271028037382 0.40484429065743943 0.14174454828660435 0.4342560553633218 0.1607196261682243 0.5040899653979238
1 0.6121495327102804 0.5588235294117647 0.6230529595015576 0.5449826989619377 0.6339563862928349 0.5 0.6277258566978193 0.4671280276816609 0.6090342679127726 0.5 0.602803738317757 0.5380622837370242 0.6121495327102804 0.5588235294117647
1 0.6355140186915887 0.5692041522491349 0.6417445482866043 0.5224913494809689 0.6292834890965732 0.5449826989619377 0.6214953271028038 0.5934256055363322 0.6355140186915887 0.5692041522491349
1 0.6464174454828661 0.5726643598615917 0.6542056074766355 0.5501730103806228 0.6510903426791277 0.5346020761245674 0.6433021806853583 0.5363321799307958 0.6386292834890965 0.5536332179930796 0.6308411214953271 0.6149740484429066 0.6464174454828661 0.5726643598615917
1 0.6651090342679128 0.5692041522491349 0.6635514018691588 0.5449826989619377 0.6542056074766355 0.5588235294117647 0.6464174454828661 0.596885813148789 0.6495327102803738 0.610726643598616 0.6651090342679128 0.5692041522491349
1 0.661993769470405 0.6280276816608996 0.6635514018691588 0.6072664359861591 0.677570093457944 0.583044982698962 0.6728971962616822 0.5553633217993079 0.6666666666666666 0.5605536332179931 0.660436137071651 0.5899653979238755 0.6542056074766355 0.629757785467128 0.661993769470405 0.6280276816608996
3 0.6105919003115264 0.42214532871972316 0.6199376947040498 0.40657439446366783 0.6230529595015576 0.3737024221453287 0.6355140186915887 0.35294117647058826 0.6401869158878505 0.32525951557093424 0.6386292834890965 0.3027681660899654 0.6261682242990654 0.2889273356401384 0.6292834890965732 0.27162629757785467 0.6230529595015576 0.27162629757785467 0.6230529595015576 0.28719723183391005 0.6105919003115264 0.2975778546712803 0.602803738317757 0.32006920415224915 0.6012461059190031 0.4186851211072664 0.6105919003115264 0.42214532871972316