2 0.6043613707165109 0.8339100346020761 0.6464174454828661 0.8373702422145328 0.6682242990654206 0.8166089965397924 0.6651090342679128 0.801038062283737 0.6495327102803738 0.801038062283737 0.6292834890965732 0.7854671280276817 0.5841121495327103 0.773356401384083 0.5685358255451713 0.7785467128027682 0.5451713395638629 0.7750865051903114 0.5046728971962616 0.7577854671280276 0.4766355140186916 0.7854671280276817 0.4750778816199377 0.7958477508650519 0.6043613707165109 0.8339100346020761
3 0.7741433021806854 0.657439446366782 0.7881619937694704 0.6591695501730104 0.8021806853582555 0.6193771626297578 0.8130841121495327 0.610726643598616 0.8177570093457944 0.5640138408304498 0.8099688473520249 0.5294117647058824 0.8006230529595015 0.532871972318339 0.7850467289719626 0.5588235294117647 0.7772585669781932 0.5865051903114187 0.7819314641744548 0.610726643598616 0.7741433021806854 0.657439446366782
1 0.3178971962616822 0.8945501730103805 0.04531152647975074 0.08572664359861584
1 0.29275700934579435 0.7093425605536332 0.019112149532710253 0.06920415224913495
1 0.7692367601246106 0.8582871972318338 0.03819314641744546 0.09122837370242208
1 0.37855140186915887 0.8207439446366782 0.017585669781931497 0.07339100346020754
1 0.3964330218068536 0.8195674740484429 0.02182242990654204 0.07844290657439452
1 0.415373831775701 0.8158650519031142 0.013644859813084099 0.060934256055363366
1 0.43280373831775704 0.8165397923875433 0.021214953271028045 0.06968858131487884
1 0.43295950155763235 0.6616782006920415 0.024548286604361355 0.0690138408304498
1 0.4603894080996885 0.6209515570934256 0.006666666666666625 0.04207612456747414
1 0.4719003115264797 0.6219550173010381 0.010311526479750786 0.045449826989619344
1 0.48554517133956393 0.617923875432526 0.012725856697819251 0.04679930795847743
1 0.5005451713395639 0.614878892733564 0.009999999999999936 0.04679930795847743
1 0.5411682242990654 0.5817301038062284 0.010607476635513934 0.04309688581314874
1 0.5595015576323987 0.582560553633218 0.009096573208722791 0.044775086505190305
1 0.5752647975077881 0.5812283737024221 0.010903426791277258 0.042750865051903175
1 0.5902647975077882 0.5808823529411765 0.011214953271028108 0.04207612456747414
1 0.6476947040498442 0.5746539792387543 0.023644859813084035 0.06463667820069206