1 0.2796728971962617 0.41050173010380625 0.025482866043613727 0.08807958477508655
1 0.31233644859813087 0.37728373702422147 0.015233644859813041 0.05375432525951556
1 0.3278816199376947 0.3718166089965398 0.01403426791277257 0.056072664359861635
1 0.3435669781931464 0.3696539792387543 0.014345794392523332 0.05840830449826988
1 0.3516355140186916 0.3112629757785467 0.027492211838006195 0.05508650519031138
1 0.4021183800623053 0.3228719723183391 0.011355140186915875 0.05641868512110729
1 0.4167601246105919 0.3243598615916955 0.008364485981308418 0.05408304498269895
1 0.4273676012461059 0.3225432525951557 0.011651090342679155 0.061055363321799345
1 0.43886292834890966 0.3222145328719723 0.01015576323987536 0.05906574394463666
1 0.48412772585669783 0.33365051903114185 0.01403426791277257 0.05541522491349486
1 0.5035514018691588 0.3316608996539792 0.011651090342679155 0.05010380622837367
1 0.5198286604361371 0.3295155709342561 0.00895638629283489 0.050432525951557054
1 0.5374454828660437 0.32868512110726644 0.009563862928348888 0.049446366782006895
1 0.6806853582554517 0.44982698961937717 0.6806853582554517 0.4619377162629758 0.6853582554517134 0.46366782006920415 0.6869158878504673 0.458477508650519 0.6962616822429907 0.4515570934256055 0.6978193146417445 0.43252595155709345 0.6993769470404985 0.43079584775086505 0.6993769470404985 0.41695501730103807 0.7040498442367601 0.4100346020761246 0.7024922118380063 0.38581314878892736 0.6993769470404985 0.3806228373702422 0.6962616822429907 0.3806228373702422 0.6853582554517134 0.3961937716262976 0.6806853582554517 0.4100346020761246 0.67601246105919 0.4463667820069204 0.6806853582554517 0.44982698961937717
1 0.7133956386292835 0.486159169550173 0.7165109034267912 0.47058823529411764 0.721183800623053 0.4602076124567474 0.721183800623053 0.4515570934256055 0.7227414330218068 0.44982698961937717 0.7289719626168224 0.42560553633217996 0.7274143302180686 0.42214532871972316 0.7227414330218068 0.42214532871972316 0.721183800623053 0.42387543252595156 0.7165109034267912 0.4342560553633218 0.7149532710280374 0.444636678200692 0.7133956386292835 0.4463667820069204 0.705607476635514 0.486159169550173 0.7133956386292835 0.486159169550173
1 0.7227414330218068 0.4532871972318339 0.721183800623053 0.47923875432525953 0.719626168224299 0.4809688581314879 0.719626168224299 0.5017301038062284 0.7258566978193146 0.5051903114186851 0.7274143302180686 0.5034602076124568 0.7258566978193146 0.49480968858131485 0.7320872274143302 0.47923875432525953 0.735202492211838 0.4688581314878893 0.735202492211838 0.4619377162629758 0.7383177570093458 0.45501730103806226 0.7383177570093458 0.4463667820069204 0.7398753894080997 0.444636678200692 0.7383177570093458 0.4411764705882353 0.7383177570093458 0.4342560553633218 0.7414330218068536 0.4290657439446367 0.7398753894080997 0.42214532871972316 0.735202492211838 0.42214532871972316 0.7305295950155763 0.43079584775086505 0.7258566978193146 0.4342560553633218 0.7242990654205608 0.43944636678200694 0.7242990654205608 0.4515570934256055 0.7227414330218068 0.4532871972318339
1 0.7336448598130841 0.49480968858131485 0.7367601246105919 0.4982698961937716 0.7414330218068536 0.4930795847750865 0.7445482866043613 0.4844290657439446 0.7445482866043613 0.47923875432525953 0.7476635514018691 0.4740484429065744 0.7523364485981309 0.44809688581314877 0.7523364485981309 0.4411764705882353 0.7507788161993769 0.43771626297577854 0.7476635514018691 0.43771626297577854 0.7445482866043613 0.4411764705882353 0.7398753894080997 0.4515570934256055 0.7367601246105919 0.46366782006920415 0.7367601246105919 0.47231833910034604 0.735202492211838 0.4740484429065744 0.735202492211838 0.4913494809688581 0.7336448598130841 0.49480968858131485
1 0.7445482866043613 0.5051903114186851 0.7445482866043613 0.5103806228373703 0.7492211838006231 0.5103806228373703 0.764797507788162 0.4671280276816609 0.764797507788162 0.46366782006920415 0.7632398753894081 0.4619377162629758 0.7632398753894081 0.44982698961937717 0.7601246105919003 0.444636678200692 0.7570093457943925 0.4463667820069204 0.7570093457943925 0.44809688581314877 0.7523364485981309 0.4532871972318339 0.7492211838006231 0.4619377162629758 0.7492211838006231 0.47750865051903113 0.7476635514018691 0.47923875432525953 0.7476635514018691 0.48788927335640137 0.7461059190031153 0.48961937716262977 0.7461059190031153 0.5034602076124568 0.7445482866043613 0.5051903114186851
1 0.6495327102803738 0.30103806228373703 0.6464174454828661 0.35121107266435986 0.6588785046728972 0.35294117647058826 0.6666666666666666 0.314878892733564 0.6666666666666666 0.29930795847750863 0.6744548286604362 0.2889273356401384 0.6791277258566978 0.2664359861591695 0.6791277258566978 0.2491349480968858 0.6744548286604362 0.23875432525951557 0.6713395638629284 0.21626297577854672 0.6682242990654206 0.21280276816608998 0.661993769470405 0.21626297577854672 0.661993769470405 0.23183391003460208 0.6526479750778816 0.23875432525951557 0.6464174454828661 0.25951557093425603 0.6448598130841121 0.2837370242214533 0.6495327102803738 0.30103806228373703