1 0.0763239875389408 0.7162629757785467 0.08255451713395638 0.7439446366782007 0.09345794392523364 0.7508650519031141 0.09968847352024922 0.7802768166089965 0.11682242990654206 0.7768166089965398 0.12461059190031153 0.7820069204152249 0.11682242990654206 0.698961937716263 0.09345794392523364 0.6747404844290658 0.08411214953271028 0.6764705882352942 0.08411214953271028 0.6851211072664359 0.07165109034267912 0.6955017301038062 0.07009345794392523 0.7110726643598616 0.0763239875389408 0.7162629757785467
1 0.19314641744548286 0.7024221453287197 0.20249221183800623 0.7024221453287197 0.19937694704049844 0.6176470588235294 0.19003115264797507 0.6193771626297578 0.1853582554517134 0.6453287197231834 0.19314641744548286 0.7024221453287197
1 0.09813084112149532 0.5224913494809689 0.1059190031152648 0.5588235294117647 0.11059190031152648 0.5570934256055363 0.10903426791277258 0.532871972318339 0.102803738317757 0.4844290657439446 0.09813084112149532 0.4826989619377163 0.08878504672897196 0.5069204152249135 0.09813084112149532 0.5224913494809689
1 0.1308411214953271 0.5570934256055363 0.13395638629283488 0.5051903114186851 0.1261682242990654 0.486159169550173 0.11993769470404984 0.486159169550173 0.11838006230529595 0.5069204152249135 0.1308411214953271 0.5570934256055363
1 0.14330218068535824 0.5519031141868512 0.14953271028037382 0.5553633217993079 0.1542056074766355 0.5484429065743944 0.14641744548286603 0.47923875432525953 0.14174454828660435 0.47750865051903113 0.13551401869158877 0.48961937716262977 0.13551401869158877 0.5173010380622838 0.14330218068535824 0.5519031141868512
1 0.16822429906542055 0.5519031141868512 0.17133956386292834 0.5034602076124568 0.16510903426791276 0.4809688581314879 0.1588785046728972 0.4844290657439446 0.1557632398753894 0.5190311418685121 0.16822429906542055 0.5519031141868512
1 0.30062305295950154 0.5190311418685121 0.3130841121495327 0.5121107266435986 0.3177570093457944 0.5155709342560554 0.3177570093457944 0.5051903114186851 0.3161993769470405 0.44809688581314877 0.3052959501557632 0.4290657439446367 0.29906542056074764 0.43079584775086505 0.2897196261682243 0.4619377162629758 0.30062305295950154 0.5190311418685121
1 0.21495327102803738 0.6955017301038062 0.22585669781931464 0.7093425605536332 0.2367601246105919 0.7093425605536332 0.22585669781931464 0.698961937716263 0.23052959501557632 0.6418685121107266 0.21962616822429906 0.6055363321799307 0.2102803738317757 0.6089965397923875 0.20249221183800623 0.643598615916955 0.21495327102803738 0.6955017301038062
1 0.2523364485981308 0.6920415224913494 0.24610591900311526 0.6193771626297578 0.2383177570093458 0.6176470588235294 0.23208722741433022 0.6314878892733564 0.2398753894080997 0.6920415224913494 0.2523364485981308 0.6920415224913494
1 0.26479750778816197 0.7058823529411765 0.2757009345794392 0.7006920415224913 0.27102803738317754 0.6782006920415224 0.2803738317757009 0.6384083044982699 0.2632398753894081 0.6176470588235294 0.2538940809968847 0.6228373702422145 0.2523364485981308 0.6557093425605537 0.26479750778816197 0.7058823529411765
1 0.35514018691588783 0.4619377162629758 0.3644859813084112 0.4602076124567474 0.3644859813084112 0.40657439446366783 0.3582554517133956 0.3961937716262976 0.35358255451713394 0.39792387543252594 0.34579439252336447 0.41522491349480967 0.35514018691588783 0.4619377162629758
1 0.37850467289719625 0.458477508650519 0.38317757009345793 0.4100346020761246 0.37694704049844235 0.39792387543252594 0.3707165109034268 0.40484429065743943 0.3707165109034268 0.44809688581314877 0.37850467289719625 0.458477508650519
1 0.40186915887850466 0.45501730103806226 0.40342679127725856 0.4031141868512111 0.397196261682243 0.39100346020761245 0.3878504672897196 0.39965397923875434 0.3940809968847352 0.4532871972318339 0.40186915887850466 0.45501730103806226
1 0.4143302180685358 0.44982698961937717 0.4221183800623053 0.44982698961937717 0.4252336448598131 0.4013840830449827 0.4174454828660436 0.3892733564013841 0.411214953271028 0.4186851211072664 0.4143302180685358 0.44982698961937717
1 0.48861370716510905 0.38311418685121107 0.01574766355140189 0.0694982698961938
1 0.5162616822429906 0.385121107266436 0.017757009345794356 0.06544982698961935
1 0.5378660436137072 0.38333910034602076 0.014937694704049894 0.06366782006920417
1 0.5624922118380062 0.38534602076124563 0.014937694704049894 0.06411764705882353
2 0.4937694704049844 0.6972318339100346 0.543613707165109 0.7058823529411765 0.5404984423676013 0.698961937716263 0.5700934579439252 0.6799307958477508 0.5669781931464174 0.6608996539792388 0.5218068535825545 0.6366782006920415 0.45482866043613707 0.6141868512110726 0.4190031152647975 0.6193771626297578 0.3582554517133956 0.5899653979238755 0.3364485981308411 0.6176470588235294 0.32398753894080995 0.6245674740484429 0.32398753894080995 0.6366782006920415 0.4937694704049844 0.6972318339100346
1 0.6449376947040498 0.38207612456747403 0.036308411214953186 0.10000000000000002
1 0.6864641744548287 0.7359515570934256 0.04775700934579434 0.11493079584775097
3 0.7819314641744548 0.5017301038062284 0.8006230529595015 0.5051903114186851 0.8099688473520249 0.4740484429065744 0.8348909657320872 0.4342560553633218 0.8442367601246106 0.3771626297577855 0.8364485981308412 0.31833910034602075 0.8271028037383178 0.31833910034602075 0.8161993769470405 0.3477508650519031 0.8099688473520249 0.3477508650519031 0.8021806853582555 0.356401384083045 0.7881619937694704 0.39965397923875434 0.7928348909657321 0.43079584775086505 0.7819314641744548 0.5017301038062284